1.95e-05,2.73e-05,1.95e-05,2.73e-05,1.95e-05,2.73e-05,1.95e-05,2.73e-05,1.95e-05,2.73e-05,1.95e-05,2.73e-05,1.95e-05,2.73e-05,1.95e-05,2.73e-05,1.95e-05,2.73e-05,1.95e-05,2.73e-05
2.73e-05,0.0714082,2.73e-05,0.0714082,2.73e-05,0.0714082,2.73e-05,0.0714082,2.73e-05,0.0714082,2.73e-05,0.0714082,2.73e-05,0.0714082,2.73e-05,0.0714082,2.73e-05,0.0714082,2.73e-05,0.0714082
1.95e-05,2.73e-05,1.95e-05,2.73e-05,1.95e-05,2.73e-05,1.95e-05,2.73e-05,1.95e-05,2.73e-05,1.95e-05,2.73e-05,1.95e-05,2.73e-05,1.95e-05,2.73e-05,1.95e-05,2.73e-05,1.95e-05,2.73e-05
2.73e-05,0.0714082,2.73e-05,0.0714082,2.73e-05,0.0714082,2.73e-05,0.0714082,2.73e-05,0.0714082,2.73e-05,0.0714082,2.73e-05,0.0714082,2.73e-05,0.0714082,2.73e-05,0.0714082,2.73e-05,0.0714082
1.95e-05,2.73e-05,1.95e-05,2.73e-05,1.95e-05,2.73e-05,1.95e-05,2.73e-05,1.95e-05,2.73e-05,1.95e-05,2.73e-05,1.95e-05,2.73e-05,1.95e-05,2.73e-05,1.95e-05,2.73e-05,1.95e-05,2.73e-05
2.73e-05,0.0714082,2.73e-05,0.0714082,2.73e-05,0.0714082,2.73e-05,0.0714082,2.73e-05,0.0714082,2.73e-05,0.0714082,2.73e-05,0.0714082,2.73e-05,0.0714082,2.73e-05,0.0714082,2.73e-05,0.0714082
1.95e-05,2.73e-05,1.95e-05,2.73e-05,1.95e-05,2.73e-05,1.95e-05,2.73e-05,1.95e-05,0.0716297,0.0541449,0.344441,0.19173,0.51875,0.19173,0.344441,0.0541449,0.0716297,1.95e-05,2.73e-05
2.73e-05,0.0714082,2.73e-05,0.0714082,2.73e-05,0.0714082,2.73e-05,0.0714082,0.0716297,0.222051,0.416044,0.639267,0.863164,0.905841,0.863164,0.639267,0.416044,0.222051,0.0716297,0.0714082
1.95e-05,2.73e-05,1.95e-05,2.73e-05,1.95e-05,2.73e-05,1.95e-05,2.73e-05,0.0714941,0.452278,0.604778,1.57655,1.375,2.22068,1.375,1.57655,0.604778,0.452278,0.0714941,2.73e-05
2.73e-05,0.0714082,2.73e-05,0.0714082,2.73e-05,0.0714082,2.73e-05,0.091222,0.380676,0.694681,1.61279,1.99684,2.93407,2.71535,2.93407,1.99684,1.61279,0.694681,0.380676,0.091222
1.95e-05,2.73e-05,1.95e-05,2.73e-05,1.95e-05,2.73e-05,1.95e-05,2.73e-05,0.243778,0.971867,1.44934,2.98063,2.91909,4.04148,2.91909,2.98063,1.44934,0.971867,0.243778,2.73e-05
2.73e-05,0.0714082,2.73e-05,0.0714082,2.73e-05,0.0714082,2.73e-05,0.111036,0.591219,1.01667,2.33971,2.78655,4.08804,3.69042,4.08804,2.78655,2.33971,1.01667,0.591219,0.111036
1.95e-05,2.73e-05,1.95e-05,2.73e-05,1.95e-05,2.73e-05,1.95e-05,2.73e-05,0.243778,0.971867,1.44934,2.98063,2.91909,4.04148,2.91909,2.98063,1.44934,0.971867,0.243778,2.73e-05
2.73e-05,0.0714082,2.73e-05,0.0714082,2.73e-05,0.0714082,2.73e-05,0.091222,0.380676,0.694681,1.61279,1.99684,2.93407,2.71535,2.93407,1.99684,1.61279,0.694681,0.380676,0.091222
1.95e-05,2.73e-05,1.95e-05,2.73e-05,1.95e-05,2.73e-05,1.95e-05,2.73e-05,0.0714941,0.452278,0.604778,1.57655,1.375,2.22068,1.375,1.57655,0.604778,0.452278,0.0714941,2.73e-05
2.73e-05,0.0714082,2.73e-05,0.0714082,2.73e-05,0.0714082,2.73e-05,0.0714082,0.0716297,0.222051,0.416044,0.639267,0.863164,0.905841,0.863164,0.639267,0.416044,0.222051,0.0716297,0.0714082
1.95e-05,2.73e-05,1.95e-05,2.73e-05,1.95e-05,2.73e-05,1.95e-05,2.73e-05,1.95e-05,0.0716297,0.0541449,0.344441,0.19173,0.51875,0.19173,0.344441,0.0541449,0.0716297,1.95e-05,2.73e-05
2.73e-05,0.0714082,2.73e-05,0.0714082,2.73e-05,0.0714082,2.73e-05,0.0714082,2.73e-05,0.0714082,2.73e-05,0.0714082,2.73e-05,0.0714082,2.73e-05,0.0714082,2.73e-05,0.0714082,2.73e-05,0.0714082
1.95e-05,2.73e-05,1.95e-05,2.73e-05,1.95e-05,2.73e-05,1.95e-05,2.73e-05,1.95e-05,2.73e-05,1.95e-05,2.73e-05,1.95e-05,2.73e-05,1.95e-05,2.73e-05,1.95e-05,2.73e-05,1.95e-05,2.73e-05
2.73e-05,0.0714082,2.73e-05,0.0714082,2.73e-05,0.0714082,2.73e-05,0.0714082,2.73e-05,0.0714082,2.73e-05,0.0714082,2.73e-05,0.0714082,2.73e-05,0.0714082,2.73e-05,0.0714082,2.73e-05,0.0714082