0.480523,0.0170197,0.480523,0.0170197,0.480523,0.0170197,0.480523,0.0170197,0.480523,0.0170197,0.480523,0.0170197,0.480523,0.0170197,0.480523,0.0170197,0.480523,0.0170197,0.480523,0.0170197
0.479964,0.480523,0.479964,0.480523,0.479964,0.480523,0.479964,0.480523,0.479964,0.480523,0.479964,0.480523,0.479964,0.480523,0.479964,0.480523,0.479964,0.480523,0.479964,0.480523
0.480523,0.0170197,0.480523,0.0170197,0.480523,0.0170197,0.480523,0.0170197,0.480523,0.0170197,0.480523,0.0170197,0.480523,0.0170197,0.480523,0.0170197,0.480523,0.0170197,0.480523,0.0170197
0.479964,0.480523,0.479964,0.480523,0.479964,0.480523,0.479964,0.480523,0.479964,0.480523,0.479964,0.480523,0.479964,0.480523,0.479964,0.480523,0.479964,0.480523,0.479964,0.480523
0.480523,0.0170197,0.480523,0.0170197,0.480523,0.0170197,0.480523,0.0170197,0.480523,0.0170197,0.480523,0.0170197,0.480523,0.0170197,0.480523,0.0170197,0.480523,0.0170197,0.480523,0.0170197
0.479964,0.480523,0.479964,0.480523,0.479964,0.480523,0.479964,0.480523,0.479964,0.480523,0.479964,0.480523,0.479964,0.480523,0.479964,0.480523,0.479964,0.480523,0.479964,0.480523
0.480523,0.0170197,0.480523,0.0170197,0.480523,0.0170197,0.480523,0.0170197,0.480523,0.0170197,0.480523,0.0170197,0.480523,0.0170197,0.480523,0.0170197,0.480523,0.0170197,0.480523,0.0170197
0.479964,0.480523,0.479964,0.480523,0.479964,0.480523,0.479964,0.480523,0.479964,0.480523,0.479964,0.480523,0.479964,0.480523,0.479964,0.480523,0.479964,0.480523,0.479964,0.480523
0.480523,0.0170197,0.480523,0.0170197,0.480523,0.0170197,0.480523,0.0170197,0.480523,0.0170197,0.480523,0.0170197,0.480523,0.0170197,0.480523,0.0170197,0.480523,0.0170197,0.480523,0.0170197
0.479964,0.480523,0.479964,0.480523,0.479964,0.480523,0.479964,0.480523,0.479964,0.480523,0.479964,0.480523,0.479964,0.480523,0.479964,0.480523,0.479964,0.480523,0.479964,0.480523
0.480523,0.0170197,0.480523,0.0170197,0.480523,0.0170197,0.480523,0.0170197,0.480523,0.0170197,0.480523,0.0170197,0.480523,0.0170197,0.480523,0.0170197,0.480523,0.0170197,0.480523,0.0170197
0.479964,0.480523,0.479964,0.480523,0.479964,0.480523,0.479964,0.480523,0.479964,0.480523,0.479964,0.480523,0.479964,0.480523,0.479964,0.480523,0.479964,0.480523,0.479964,0.480523
0.480523,0.262844,0.993934,0.508667,0.993934,0.262844,0.480523,0.0170197,0.480523,0.0170197,0.480523,0.0170197,0.480523,0.0170197,0.480523,0.0170197,0.480523,0.0170197,0.480523,0.0170197
0.479964,0.993934,1.26513,1.50734,1.26513,0.993934,0.479964,0.480523,0.479964,0.480523,0.479964,0.480523,0.479964,0.480523,0.479964,0.480523,0.479964,0.480523,0.479964,0.480523
0.480523,0.754491,2.02076,1.49196,2.02076,0.754491,0.480523,0.0170197,0.480523,0.0170197,0.480523,0.0170197,0.480523,0.0170197,0.480523,0.0170197,0.480523,0.0170197,0.480523,0.0170197
0.479964,1.50734,2.0503,2.53417,2.0503,1.50734,0.479964,0.480523,0.479964,0.480523,0.479964,0.480523,0.479964,0.480523,0.479964,0.480523,0.479964,0.480523,0.479964,0.480523
0.480523,0.754491,2.02076,1.49196,2.02076,0.754491,0.480523,0.0170197,0.480523,0.0170197,0.480523,0.0170197,0.480523,0.0170197,0.480523,0.0170197,0.480523,0.0170197,0.480523,0.0170197
0.479964,0.993934,1.26513,1.50734,1.26513,0.993934,0.479964,0.480523,0.479964,0.480523,0.479964,0.480523,0.479964,0.480523,0.479964,0.480523,0.479964,0.480523,0.479964,0.480523
0.480523,0.262844,0.993934,0.508667,0.993934,0.262844,0.480523,0.0170197,0.480523,0.0170197,0.480523,0.0170197,0.480523,0.0170197,0.480523,0.0170197,0.480523,0.0170197,0.480523,0.0170197
0.479964,0.480523,0.479964,0.480523,0.479964,0.480523,0.479964,0.480523,0.479964,0.480523,0.479964,0.480523,0.479964,0.480523,0.479964,0.480523,0.479964,0.480523,0.479964,0.480523