3.12865e-05,2.23475e-05,3.12865e-05,0.000447274,0.0326005,0.0008722,0.0326005,0.000447274,3.12865e-05,2.23475e-05,3.12865e-05,2.23475e-05,3.12865e-05,2.23475e-05,3.12865e-05,2.23475e-05,3.12865e-05,2.23475e-05,3.12865e-05,2.23475e-05
4.4695e-05,3.12865e-05,4.4695e-05,3.12865e-05,4.4695e-05,3.12865e-05,4.4695e-05,3.12865e-05,4.4695e-05,3.12865e-05,4.4695e-05,3.12865e-05,4.4695e-05,3.12865e-05,4.4695e-05,3.12865e-05,4.4695e-05,3.12865e-05,4.4695e-05,3.12865e-05
3.12865e-05,2.23475e-05,3.12865e-05,2.23475e-05,3.12865e-05,2.23475e-05,3.12865e-05,2.23475e-05,3.12865e-05,2.23475e-05,3.12865e-05,2.23475e-05,3.12865e-05,2.23475e-05,3.12865e-05,2.23475e-05,3.12865e-05,2.23475e-05,3.12865e-05,2.23475e-05
4.4695e-05,3.12865e-05,4.4695e-05,3.12865e-05,4.4695e-05,3.12865e-05,4.4695e-05,3.12865e-05,4.4695e-05,3.12865e-05,4.4695e-05,3.12865e-05,4.4695e-05,3.12865e-05,4.4695e-05,3.12865e-05,4.4695e-05,3.12865e-05,4.4695e-05,3.12865e-05
3.12865e-05,2.23475e-05,3.12865e-05,2.23475e-05,3.12865e-05,2.23475e-05,3.12865e-05,2.23475e-05,3.12865e-05,2.23475e-05,3.12865e-05,2.23475e-05,3.12865e-05,2.23475e-05,3.12865e-05,2.23475e-05,3.12865e-05,2.23475e-05,3.12865e-05,2.23475e-05
4.4695e-05,3.12865e-05,4.4695e-05,3.12865e-05,4.4695e-05,3.12865e-05,4.4695e-05,3.12865e-05,4.4695e-05,3.12865e-05,4.4695e-05,3.12865e-05,4.4695e-05,3.12865e-05,4.4695e-05,3.12865e-05,4.4695e-05,3.12865e-05,4.4695e-05,3.12865e-05
3.12865e-05,2.23475e-05,3.12865e-05,2.23475e-05,3.12865e-05,2.23475e-05,3.12865e-05,2.23475e-05,3.12865e-05,2.23475e-05,3.12865e-05,2.23475e-05,3.12865e-05,2.23475e-05,3.12865e-05,2.23475e-05,3.12865e-05,2.23475e-05,3.12865e-05,2.23475e-05
4.4695e-05,3.12865e-05,4.4695e-05,3.12865e-05,4.4695e-05,3.12865e-05,4.4695e-05,3.12865e-05,4.4695e-05,3.12865e-05,4.4695e-05,3.12865e-05,4.4695e-05,3.12865e-05,4.4695e-05,3.12865e-05,4.4695e-05,3.12865e-05,4.4695e-05,3.12865e-05
3.12865e-05,2.23475e-05,3.12865e-05,0.000447274,0.0326005,0.0008722,0.0326005,0.000447274,3.12865e-05,2.23475e-05,3.12865e-05,2.23475e-05,3.12865e-05,2.23475e-05,3.12865e-05,2.23475e-05,3.12865e-05,2.23475e-05,3.12865e-05,2.23475e-05
4.4695e-05,3.12865e-05,0.0012804,0.0326005,0.083687,0.0651698,0.083687,0.0326005,0.0012804,3.12865e-05,4.4695e-05,3.12865e-05,4.4695e-05,3.12865e-05,4.4695e-05,3.12865e-05,4.4695e-05,3.12865e-05,4.4695e-05,3.12865e-05
3.12865e-05,0.0273691,0.0633873,0.206445,0.268982,0.358174,0.268982,0.206445,0.0633873,0.0273691,3.12865e-05,2.23475e-05,3.12865e-05,2.23475e-05,3.12865e-05,2.23475e-05,3.12865e-05,2.23475e-05,3.12865e-05,2.23475e-05
4.4695e-05,0.0633873,0.132184,0.307566,0.470207,0.488388,0.470207,0.307566,0.132184,0.0633873,4.4695e-05,3.12865e-05,4.4695e-05,3.12865e-05,4.4695e-05,3.12865e-05,4.4695e-05,3.12865e-05,4.4695e-05,3.12865e-05
3.12865e-05,0.189233,0.288369,0.768252,0.734139,1.15806,0.734139,0.768252,0.288369,0.189233,3.12865e-05,2.23475e-05,3.12865e-05,2.23475e-05,3.12865e-05,2.23475e-05,3.12865e-05,2.23475e-05,3.12865e-05,2.23475e-05
0.0146119,0.217216,0.438681,0.714942,0.926106,0.995484,0.926106,0.714942,0.438681,0.217216,0.0146119,3.12865e-05,4.4695e-05,3.12865e-05,4.4695e-05,3.12865e-05,4.4695e-05,3.12865e-05,4.4695e-05,3.12865e-05
3.12865e-05,0.32375,0.449994,1.12449,0.995484,1.6015,0.995484,1.12449,0.449994,0.32375,3.12865e-05,2.23475e-05,3.12865e-05,2.23475e-05,3.12865e-05,2.23475e-05,3.12865e-05,2.23475e-05,3.12865e-05,2.23475e-05
0.0146119,0.217216,0.438681,0.714942,0.926106,0.995484,0.926106,0.714942,0.438681,0.217216,0.0146119,3.12865e-05,4.4695e-05,3.12865e-05,4.4695e-05,3.12865e-05,4.4695e-05,3.12865e-05,4.4695e-05,3.12865e-05
3.12865e-05,0.189233,0.288369,0.768252,0.734139,1.15806,0.734139,0.768252,0.288369,0.189233,3.12865e-05,2.23475e-05,3.12865e-05,2.23475e-05,3.12865e-05,2.23475e-05,3.12865e-05,2.23475e-05,3.12865e-05,2.23475e-05
4.4695e-05,0.0633873,0.132184,0.307566,0.470207,0.488388,0.470207,0.307566,0.132184,0.0633873,4.4695e-05,3.12865e-05,4.4695e-05,3.12865e-05,4.4695e-05,3.12865e-05,4.4695e-05,3.12865e-05,4.4695e-05,3.12865e-05
3.12865e-05,0.0273691,0.0633873,0.206445,0.268982,0.358174,0.268982,0.206445,0.0633873,0.0273691,3.12865e-05,2.23475e-05,3.12865e-05,2.23475e-05,3.12865e-05,2.23475e-05,3.12865e-05,2.23475e-05,3.12865e-05,2.23475e-05
4.4695e-05,3.12865e-05,0.0012804,0.0326005,0.083687,0.0651698,0.083687,0.0326005,0.0012804,3.12865e-05,4.4695e-05,3.12865e-05,4.4695e-05,3.12865e-05,4.4695e-05,3.12865e-05,4.4695e-05,3.12865e-05,4.4695e-05,3.12865e-05