0.0345771,1.95e-05,0.0345771,1.95e-05,0.0440749,1.95e-05,0.0535728,1.95e-05,0.0440749,1.95e-05,0.0345771,1.95e-05,0.0345771,1.95e-05,0.0345771,1.95e-05,0.0345771,1.95e-05,0.0345771,1.95e-05
0.138967,0.0345771,0.138967,0.0345771,0.138967,0.0345771,0.138967,0.0345771,0.138967,0.0345771,0.138967,0.0345771,0.138967,0.0345771,0.138967,0.0345771,0.138967,0.0345771,0.138967,0.0345771
0.0345771,1.95e-05,0.0345771,1.95e-05,0.0345771,1.95e-05,0.0345771,1.95e-05,0.0345771,1.95e-05,0.0345771,1.95e-05,0.0345771,1.95e-05,0.0345771,1.95e-05,0.0345771,1.95e-05,0.0345771,1.95e-05
0.138967,0.0345771,0.138967,0.0345771,0.138967,0.0345771,0.138967,0.0345771,0.138967,0.0345771,0.138967,0.0345771,0.138967,0.0345771,0.138967,0.0345771,0.138967,0.0345771,0.138967,0.0345771
0.0345771,1.95e-05,0.0345771,1.95e-05,0.0345771,1.95e-05,0.0345771,1.95e-05,0.0345771,1.95e-05,0.0345771,1.95e-05,0.0345771,1.95e-05,0.0345771,1.95e-05,0.0345771,1.95e-05,0.0345771,1.95e-05
0.138967,0.0345771,0.138967,0.0345771,0.138967,0.0345771,0.138967,0.0345771,0.138967,0.0345771,0.138967,0.0345771,0.138967,0.0345771,0.138967,0.0345771,0.138967,0.0345771,0.138967,0.0345771
0.0345771,1.95e-05,0.0345771,1.95e-05,0.0440749,1.95e-05,0.0535728,1.95e-05,0.0440749,1.95e-05,0.0345771,1.95e-05,0.0345771,1.95e-05,0.0345771,1.95e-05,0.0345771,1.95e-05,0.0345771,1.95e-05
0.138967,0.0345771,0.138967,0.0440749,0.153492,0.0630707,0.168017,0.0630707,0.153492,0.0440749,0.138967,0.0345771,0.138967,0.0345771,0.138967,0.0345771,0.138967,0.0345771,0.138967,0.0345771
0.0345771,1.95e-05,0.0440749,1.95e-05,0.226386,0.0629966,0.399199,0.0629966,0.226386,1.95e-05,0.0440749,1.95e-05,0.0345771,1.95e-05,0.0345771,1.95e-05,0.0345771,1.95e-05,0.0345771,1.95e-05
0.138967,0.0440749,0.153492,0.226386,0.417779,0.562514,0.66754,0.562514,0.417779,0.226386,0.153492,0.0440749,0.138967,0.0345771,0.138967,0.0345771,0.138967,0.0345771,0.138967,0.0345771
0.0345771,1.95e-05,0.114343,0.161195,0.767604,0.581743,1.3411,0.581743,0.767604,0.161195,0.114343,1.95e-05,0.0345771,1.95e-05,0.0345771,1.95e-05,0.0345771,1.95e-05,0.0345771,1.95e-05
0.138967,0.104845,0.246429,0.655562,0.981188,1.54619,1.60848,1.54619,0.981188,0.655562,0.246429,0.104845,0.138967,0.0345771,0.138967,0.0345771,0.138967,0.0345771,0.138967,0.0345771
0.0345771,1.95e-05,0.226386,0.420568,1.3411,1.28301,2.264,1.28301,1.3411,0.420568,0.226386,1.95e-05,0.0345771,1.95e-05,0.0345771,1.95e-05,0.0345771,1.95e-05,0.0345771,1.95e-05
0.138967,0.156118,0.324841,0.911924,1.29484,2.05891,2.07896,2.05891,1.29484,0.911924,0.324841,0.156118,0.138967,0.0345771,0.138967,0.0345771,0.138967,0.0345771,0.138967,0.0345771
0.0345771,1.95e-05,0.226386,0.420568,1.3411,1.28301,2.264,1.28301,1.3411,0.420568,0.226386,1.95e-05,0.0345771,1.95e-05,0.0345771,1.95e-05,0.0345771,1.95e-05,0.0345771,1.95e-05
0.138967,0.104845,0.246429,0.655562,0.981188,1.54619,1.60848,1.54619,0.981188,0.655562,0.246429,0.104845,0.138967,0.0345771,0.138967,0.0345771,0.138967,0.0345771,0.138967,0.0345771
0.0345771,1.95e-05,0.114343,0.161195,0.767604,0.581743,1.3411,0.581743,0.767604,0.161195,0.114343,1.95e-05,0.0345771,1.95e-05,0.0345771,1.95e-05,0.0345771,1.95e-05,0.0345771,1.95e-05
0.138967,0.0440749,0.153492,0.226386,0.417779,0.562514,0.66754,0.562514,0.417779,0.226386,0.153492,0.0440749,0.138967,0.0345771,0.138967,0.0345771,0.138967,0.0345771,0.138967,0.0345771
0.0345771,1.95e-05,0.0440749,1.95e-05,0.226386,0.0629966,0.399199,0.0629966,0.226386,1.95e-05,0.0440749,1.95e-05,0.0345771,1.95e-05,0.0345771,1.95e-05,0.0345771,1.95e-05,0.0345771,1.95e-05
0.138967,0.0345771,0.138967,0.0440749,0.153492,0.0630707,0.168017,0.0630707,0.153492,0.0440749,0.138967,0.0345771,0.138967,0.0345771,0.138967,0.0345771,0.138967,0.0345771,0.138967,0.0345771