4.1e-05,6.1e-05,4.1e-05,6.1e-05,4.1e-05,6.1e-05,4.1e-05,6.1e-05,4.1e-05,6.1e-05
6.1e-05,9.1e-05,6.1e-05,9.1e-05,6.1e-05,9.1e-05,6.1e-05,9.1e-05,6.1e-05,9.1e-05
0.127641,0.549608,0.127641,6.1e-05,4.1e-05,6.1e-05,4.1e-05,6.1e-05,4.1e-05,6.1e-05
0.549608,0.905457,0.549608,9.1e-05,6.1e-05,9.1e-05,6.1e-05,9.1e-05,6.1e-05,9.1e-05
0.882815,2.14865,0.882815,6.1e-05,4.1e-05,6.1e-05,4.1e-05,6.1e-05,4.1e-05,6.1e-05
1.5991,2.31075,1.5991,9.1e-05,6.1e-05,9.1e-05,6.1e-05,9.1e-05,6.1e-05,9.1e-05
0.882815,2.14865,0.882815,6.1e-05,4.1e-05,6.1e-05,4.1e-05,6.1e-05,4.1e-05,6.1e-05
0.549608,0.905457,0.549608,9.1e-05,6.1e-05,9.1e-05,6.1e-05,9.1e-05,6.1e-05,9.1e-05
0.127641,0.549608,0.127641,6.1e-05,4.1e-05,6.1e-05,4.1e-05,6.1e-05,4.1e-05,6.1e-05
6.1e-05,9.1e-05,6.1e-05,9.1e-05,6.1e-05,9.1e-05,6.1e-05,9.1e-05,6.1e-05,9.1e-05