4.4695e-05,3.12865e-05,4.4695e-05,3.12865e-05,4.4695e-05,3.12865e-05,4.4695e-05,3.12865e-05,4.4695e-05,3.12865e-05,4.4695e-05,3.12865e-05,4.4695e-05,3.12865e-05,4.4695e-05,3.12865e-05,4.4695e-05,3.12865e-05,4.4695e-05,3.12865e-05
3.12865e-05,2.23475e-05,3.12865e-05,2.23475e-05,3.12865e-05,2.23475e-05,3.12865e-05,2.23475e-05,3.12865e-05,2.23475e-05,3.12865e-05,2.23475e-05,3.12865e-05,2.23475e-05,3.12865e-05,2.23475e-05,3.12865e-05,2.23475e-05,3.12865e-05,2.23475e-05
4.4695e-05,3.12865e-05,4.4695e-05,3.12865e-05,4.4695e-05,3.12865e-05,4.4695e-05,3.12865e-05,4.4695e-05,3.12865e-05,4.4695e-05,3.12865e-05,4.4695e-05,3.12865e-05,4.4695e-05,3.12865e-05,4.4695e-05,3.12865e-05,4.4695e-05,3.12865e-05
3.12865e-05,2.23475e-05,3.12865e-05,2.23475e-05,3.12865e-05,2.23475e-05,3.12865e-05,2.23475e-05,3.12865e-05,2.23475e-05,3.12865e-05,2.23475e-05,3.12865e-05,2.23475e-05,3.12865e-05,2.23475e-05,3.12865e-05,2.23475e-05,3.12865e-05,2.23475e-05
4.4695e-05,3.12865e-05,4.4695e-05,3.12865e-05,4.4695e-05,3.12865e-05,4.4695e-05,3.12865e-05,4.4695e-05,3.12865e-05,4.4695e-05,3.12865e-05,4.4695e-05,3.12865e-05,4.4695e-05,3.12865e-05,4.4695e-05,3.12865e-05,4.4695e-05,3.12865e-05
3.12865e-05,2.23475e-05,3.12865e-05,2.23475e-05,3.12865e-05,2.23475e-05,3.12865e-05,2.23475e-05,3.12865e-05,2.23475e-05,3.12865e-05,2.23475e-05,3.12865e-05,2.23475e-05,3.12865e-05,2.23475e-05,3.12865e-05,2.23475e-05,3.12865e-05,2.23475e-05
4.4695e-05,3.12865e-05,4.4695e-05,3.12865e-05,4.4695e-05,3.12865e-05,4.4695e-05,3.12865e-05,4.4695e-05,3.12865e-05,4.4695e-05,3.12865e-05,4.4695e-05,3.12865e-05,4.4695e-05,3.12865e-05,4.4695e-05,3.12865e-05,4.4695e-05,3.12865e-05
3.12865e-05,2.23475e-05,3.12865e-05,2.23475e-05,3.12865e-05,2.23475e-05,3.12865e-05,2.23475e-05,3.12865e-05,2.23475e-05,3.12865e-05,2.23475e-05,3.12865e-05,2.23475e-05,3.12865e-05,2.23475e-05,3.12865e-05,2.23475e-05,3.12865e-05,2.23475e-05
4.4695e-05,3.12865e-05,4.4695e-05,3.12865e-05,4.4695e-05,3.12865e-05,4.4695e-05,3.12865e-05,4.4695e-05,3.12865e-05,4.4695e-05,3.12865e-05,4.4695e-05,3.12865e-05,4.4695e-05,3.12865e-05,4.4695e-05,3.12865e-05,4.4695e-05,3.12865e-05
3.12865e-05,2.23475e-05,3.12865e-05,2.23475e-05,3.12865e-05,2.23475e-05,3.12865e-05,0.0109072,0.0445621,0.0834808,0.115107,0.0834808,0.0445621,0.0109072,3.12865e-05,2.23475e-05,3.12865e-05,2.23475e-05,3.12865e-05,2.23475e-05
4.4695e-05,3.12865e-05,4.4695e-05,3.12865e-05,4.4695e-05,3.12865e-05,4.4695e-05,0.0445621,0.159012,0.174581,0.323489,0.174581,0.159012,0.0445621,4.4695e-05,3.12865e-05,4.4695e-05,3.12865e-05,4.4695e-05,3.12865e-05
3.12865e-05,2.23475e-05,3.12865e-05,2.23475e-05,3.12865e-05,0.0440435,0.0824556,0.334173,0.410922,0.78237,0.62708,0.78237,0.410922,0.334173,0.0824556,0.0440435,3.12865e-05,2.23475e-05,3.12865e-05,2.23475e-05
4.4695e-05,3.12865e-05,4.4695e-05,3.12865e-05,4.4695e-05,0.0824556,0.200773,0.436687,0.737556,0.93037,1.01703,0.93037,0.737556,0.436687,0.200773,0.0824556,4.4695e-05,3.12865e-05,4.4695e-05,3.12865e-05
3.12865e-05,2.23475e-05,3.12865e-05,2.23475e-05,3.12865e-05,0.145722,0.233629,0.811896,0.905086,1.63817,1.18134,1.63817,0.905086,0.811896,0.233629,0.145722,3.12865e-05,2.23475e-05,3.12865e-05,2.23475e-05
4.4695e-05,3.12865e-05,4.4695e-05,3.12865e-05,0.0147546,0.148391,0.33996,0.622951,0.975796,1.16819,1.40914,1.16819,0.975796,0.622951,0.33996,0.148391,0.0147546,3.12865e-05,4.4695e-05,3.12865e-05
3.12865e-05,2.23475e-05,3.12865e-05,2.23475e-05,3.12865e-05,0.145722,0.233629,0.811896,0.905086,1.63817,1.18134,1.63817,0.905086,0.811896,0.233629,0.145722,3.12865e-05,2.23475e-05,3.12865e-05,2.23475e-05
4.4695e-05,3.12865e-05,4.4695e-05,3.12865e-05,4.4695e-05,0.0824556,0.200773,0.436687,0.737556,0.93037,1.01703,0.93037,0.737556,0.436687,0.200773,0.0824556,4.4695e-05,3.12865e-05,4.4695e-05,3.12865e-05
3.12865e-05,2.23475e-05,3.12865e-05,2.23475e-05,3.12865e-05,0.0440435,0.0824556,0.334173,0.410922,0.78237,0.62708,0.78237,0.410922,0.334173,0.0824556,0.0440435,3.12865e-05,2.23475e-05,3.12865e-05,2.23475e-05
4.4695e-05,3.12865e-05,4.4695e-05,3.12865e-05,4.4695e-05,3.12865e-05,4.4695e-05,0.0445621,0.159012,0.174581,0.323489,0.174581,0.159012,0.0445621,4.4695e-05,3.12865e-05,4.4695e-05,3.12865e-05,4.4695e-05,3.12865e-05
3.12865e-05,2.23475e-05,3.12865e-05,2.23475e-05,3.12865e-05,2.23475e-05,3.12865e-05,0.0109072,0.0445621,0.0834808,0.115107,0.0834808,0.0445621,0.0109072,3.12865e-05,2.23475e-05,3.12865e-05,2.23475e-05,3.12865e-05,2.23475e-05