0.0499803,0.166885,0.113303,0.231446,0.155519,0.231446,0.113303,0.166885,0.0499803,0.134605,0.0288727,0.134605,0.0288727,0.134605,0.0288727,0.134605,0.0288727,0.134605,0.0288727,0.134605
1.95e-05,0.0499803,1.95e-05,0.0921957,1.95e-05,0.0921957,1.95e-05,0.0499803,1.95e-05,0.0288727,1.95e-05,0.0288727,1.95e-05,0.0288727,1.95e-05,0.0288727,1.95e-05,0.0288727,1.95e-05,0.0288727
0.0288727,0.134605,0.0288727,0.134605,0.0288727,0.134605,0.0288727,0.134605,0.0288727,0.134605,0.0288727,0.134605,0.0288727,0.134605,0.0288727,0.134605,0.0288727,0.134605,0.0288727,0.134605
1.95e-05,0.0288727,1.95e-05,0.0288727,1.95e-05,0.0288727,1.95e-05,0.0288727,1.95e-05,0.0288727,1.95e-05,0.0288727,1.95e-05,0.0288727,1.95e-05,0.0288727,1.95e-05,0.0288727,1.95e-05,0.0288727
0.0288727,0.134605,0.0288727,0.134605,0.0288727,0.134605,0.0288727,0.134605,0.0288727,0.134605,0.0288727,0.134605,0.0288727,0.134605,0.0288727,0.134605,0.0288727,0.134605,0.0288727,0.134605
1.95e-05,0.0288727,1.95e-05,0.0288727,1.95e-05,0.0288727,1.95e-05,0.0288727,1.95e-05,0.0288727,1.95e-05,0.0288727,1.95e-05,0.0288727,1.95e-05,0.0288727,1.95e-05,0.0288727,1.95e-05,0.0288727
0.0288727,0.134605,0.0288727,0.134605,0.0288727,0.134605,0.0288727,0.134605,0.0288727,0.134605,0.0288727,0.134605,0.0288727,0.134605,0.0288727,0.134605,0.0288727,0.134605,0.0288727,0.134605
1.95e-05,0.0499803,1.95e-05,0.0921957,1.95e-05,0.0921957,1.95e-05,0.0499803,1.95e-05,0.0288727,1.95e-05,0.0288727,1.95e-05,0.0288727,1.95e-05,0.0288727,1.95e-05,0.0288727,1.95e-05,0.0288727
0.0499803,0.166885,0.113303,0.231446,0.155519,0.231446,0.113303,0.166885,0.0499803,0.134605,0.0288727,0.134605,0.0288727,0.134605,0.0288727,0.134605,0.0288727,0.134605,0.0288727,0.134605
1.95e-05,0.176626,0.0780595,0.472134,0.1561,0.472134,0.0780595,0.176626,1.95e-05,0.0288727,1.95e-05,0.0288727,1.95e-05,0.0288727,1.95e-05,0.0288727,1.95e-05,0.0288727,1.95e-05,0.0288727
0.155519,0.328287,0.535457,0.715651,0.788748,0.715651,0.535457,0.328287,0.155519,0.134605,0.0288727,0.134605,0.0288727,0.134605,0.0288727,0.134605,0.0288727,0.134605,0.0288727,0.134605
0.0477401,0.472134,0.476695,1.35866,0.857928,1.35866,0.476695,0.472134,0.0477401,0.0288727,1.95e-05,0.0288727,1.95e-05,0.0288727,1.95e-05,0.0288727,1.95e-05,0.0288727,1.95e-05,0.0288727
0.345488,0.61881,1.29533,1.58722,1.92856,1.58722,1.29533,0.61881,0.345488,0.134605,0.0288727,0.134605,0.0288727,0.134605,0.0288727,0.134605,0.0288727,0.134605,0.0288727,0.134605
0.145993,0.767641,0.999419,2.24518,1.70687,2.24518,0.999419,0.767641,0.145993,0.0288727,1.95e-05,0.0288727,1.95e-05,0.0288727,1.95e-05,0.0288727,1.95e-05,0.0288727,1.95e-05,0.0288727
0.451026,0.780212,1.71749,2.07143,2.56179,2.07143,1.71749,0.780212,0.451026,0.134605,0.0288727,0.134605,0.0288727,0.134605,0.0288727,0.134605,0.0288727,0.134605,0.0288727,0.134605
0.145993,0.767641,0.999419,2.24518,1.70687,2.24518,0.999419,0.767641,0.145993,0.0288727,1.95e-05,0.0288727,1.95e-05,0.0288727,1.95e-05,0.0288727,1.95e-05,0.0288727,1.95e-05,0.0288727
0.345488,0.61881,1.29533,1.58722,1.92856,1.58722,1.29533,0.61881,0.345488,0.134605,0.0288727,0.134605,0.0288727,0.134605,0.0288727,0.134605,0.0288727,0.134605,0.0288727,0.134605
0.0477401,0.472134,0.476695,1.35866,0.857928,1.35866,0.476695,0.472134,0.0477401,0.0288727,1.95e-05,0.0288727,1.95e-05,0.0288727,1.95e-05,0.0288727,1.95e-05,0.0288727,1.95e-05,0.0288727
0.155519,0.328287,0.535457,0.715651,0.788748,0.715651,0.535457,0.328287,0.155519,0.134605,0.0288727,0.134605,0.0288727,0.134605,0.0288727,0.134605,0.0288727,0.134605,0.0288727,0.134605
1.95e-05,0.176626,0.0780595,0.472134,0.1561,0.472134,0.0780595,0.176626,1.95e-05,0.0288727,1.95e-05,0.0288727,1.95e-05,0.0288727,1.95e-05,0.0288727,1.95e-05,0.0288727,1.95e-05,0.0288727