6.1e-05,4.1e-05,6.1e-05,4.1e-05,6.1e-05,0.28858,0.818746,0.28858,6.1e-05,4.1e-05
9.1e-05,6.1e-05,9.1e-05,6.1e-05,9.1e-05,0.818746,1.26584,0.818746,9.1e-05,6.1e-05
6.1e-05,4.1e-05,6.1e-05,4.1e-05,6.1e-05,1.36563,2.95607,1.36563,6.1e-05,4.1e-05
9.1e-05,6.1e-05,9.1e-05,6.1e-05,9.1e-05,2.13738,3.03151,2.13738,9.1e-05,6.1e-05
6.1e-05,4.1e-05,6.1e-05,4.1e-05,6.1e-05,1.36563,2.95607,1.36563,6.1e-05,4.1e-05
9.1e-05,6.1e-05,9.1e-05,6.1e-05,9.1e-05,0.818746,1.26584,0.818746,9.1e-05,6.1e-05
6.1e-05,4.1e-05,6.1e-05,4.1e-05,6.1e-05,0.28858,0.818746,0.28858,6.1e-05,4.1e-05
9.1e-05,6.1e-05,9.1e-05,6.1e-05,9.1e-05,6.1e-05,9.1e-05,6.1e-05,9.1e-05,6.1e-05
6.1e-05,4.1e-05,6.1e-05,4.1e-05,6.1e-05,4.1e-05,6.1e-05,4.1e-05,6.1e-05,4.1e-05
9.1e-05,6.1e-05,9.1e-05,6.1e-05,9.1e-05,6.1e-05,9.1e-05,6.1e-05,9.1e-05,6.1e-05