-0.165607,-0.122316,-0.165607,-0.22672,-0.271164,-0.0889079,-0.0743623,-0.0889079,-0.271164,-0.22672,-0.165607,-0.122316,-0.165607,-0.22672,-0.271164,-0.0889079,-0.0743623,-0.0889079,-0.271164,-0.22672
-0.429614,-0.609701,-0.429614,-0.473621,-0.0889079,-0.0101645,0.217246,-0.0101645,-0.0889079,-0.473621,-0.429614,-0.609701,-0.429614,-0.473621,-0.0889079,-0.0101645,0.217246,-0.0101645,-0.0889079,-0.473621
-0.271385,-0.35729,-0.271385,-0.227055,-0.0743623,0.217246,0.236144,0.217246,-0.0743623,-0.227055,-0.271385,-0.35729,-0.271385,-0.227055,-0.0743623,0.217246,0.236144,0.217246,-0.0743623,-0.227055
-0.429614,-0.609701,-0.429614,-0.473621,-0.0889079,-0.0101645,0.217246,-0.0101645,-0.0889079,-0.473621,-0.429614,-0.609701,-0.429614,-0.473621,-0.0889079,-0.0101645,0.217246,-0.0101645,-0.0889079,-0.473621
-0.165607,-0.122316,-0.165607,-0.22672,-0.271164,-0.0889079,-0.0743623,-0.0889079,-0.271164,-0.22672,-0.165607,-0.122316,-0.165607,-0.22672,-0.271164,-0.0889079,-0.0743623,-0.0889079,-0.271164,-0.22672
0.203011,0.248283,0.203011,-0.156367,-0.22672,-0.473621,-0.227055,-0.473621,-0.22672,-0.156367,0.203011,0.248283,0.203011,-0.156367,-0.22672,-0.473621,-0.227055,-0.473621,-0.22672,-0.156367
0.616496,0.845676,0.616496,0.203011,-0.165607,-0.429614,-0.271385,-0.429614,-0.165607,0.203011,0.616496,0.845676,0.616496,0.203011,-0.165607,-0.429614,-0.271385,-0.429614,-0.165607,0.203011
0.845676,1.02618,0.845676,0.248283,-0.122316,-0.609701,-0.35729,-0.609701,-0.122316,0.248283,0.845676,1.02618,0.845676,0.248283,-0.122316,-0.609701,-0.35729,-0.609701,-0.122316,0.248283
0.616496,0.845676,0.616496,0.203011,-0.165607,-0.429614,-0.271385,-0.429614,-0.165607,0.203011,0.616496,0.845676,0.616496,0.203011,-0.165607,-0.429614,-0.271385,-0.429614,-0.165607,0.203011
0.203011,0.248283,0.203011,-0.156367,-0.22672,-0.473621,-0.227055,-0.473621,-0.22672,-0.156367,0.203011,0.248283,0.203011,-0.156367,-0.22672,-0.473621,-0.227055,-0.473621,-0.22672,-0.156367
-0.165607,-0.122316,-0.165607,-0.22672,-0.271164,-0.0889079,-0.0743623,-0.0889079,-0.271164,-0.22672,-0.165607,-0.122316,-0.165607,-0.22672,-0.271164,-0.0889079,-0.0743623,-0.0889079,-0.271164,-0.22672
-0.429614,-0.609701,-0.429614,-0.473621,-0.0889079,-0.0101645,0.217246,-0.0101645,-0.0889079,-0.473621,-0.429614,-0.609701,-0.429614,-0.473621,-0.0889079,-0.0101645,0.217246,-0.0101645,-0.0889079,-0.473621
-0.271385,-0.35729,-0.271385,-0.227055,-0.0743623,0.217246,0.236144,0.217246,-0.0743623,-0.227055,-0.271385,-0.35729,-0.271385,-0.227055,-0.0743623,0.217246,0.236144,0.217246,-0.0743623,-0.227055
-0.429614,-0.609701,-0.429614,-0.473621,-0.0889079,-0.0101645,0.217246,-0.0101645,-0.0889079,-0.473621,-0.429614,-0.609701,-0.429614,-0.473621,-0.0889079,-0.0101645,0.217246,-0.0101645,-0.0889079,-0.473621
-0.165607,-0.122316,-0.165607,-0.22672,-0.271164,-0.0889079,-0.0743623,-0.0889079,-0.271164,-0.22672,-0.165607,-0.122316,-0.165607,-0.22672,-0.271164,-0.0889079,-0.0743623,-0.0889079,-0.271164,-0.22672
0.203011,0.248283,0.203011,-0.156367,-0.22672,-0.473621,-0.227055,-0.473621,-0.22672,-0.156367,0.203011,0.248283,0.203011,-0.156367,-0.22672,-0.473621,-0.227055,-0.473621,-0.22672,-0.156367
0.616496,0.845676,0.616496,0.203011,-0.165607,-0.429614,-0.271385,-0.429614,-0.165607,0.203011,0.616496,0.845676,0.616496,0.203011,-0.165607,-0.429614,-0.271385,-0.429614,-0.165607,0.203011
0.845676,1.02618,0.845676,0.248283,-0.122316,-0.609701,-0.35729,-0.609701,-0.122316,0.248283,0.845676,1.02618,0.845676,0.248283,-0.122316,-0.609701,-0.35729,-0.609701,-0.122316,0.248283
0.616496,0.845676,0.616496,0.203011,-0.165607,-0.429614,-0.271385,-0.429614,-0.165607,0.203011,0.616496,0.845676,0.616496,0.203011,-0.165607,-0.429614,-0.271385,-0.429614,-0.165607,0.203011
0.203011,0.248283,0.203011,-0.156367,-0.22672,-0.473621,-0.227055,-0.473621,-0.22672,-0.156367,0.203011,0.248283,0.203011,-0.156367,-0.22672,-0.473621,-0.227055,-0.473621,-0.22672,-0.156367