3.12865e-05,4.4695e-05,3.12865e-05,4.4695e-05,3.12865e-05,4.4695e-05,3.12865e-05,4.4695e-05,3.12865e-05,4.4695e-05,3.12865e-05,4.4695e-05,3.12865e-05,4.4695e-05,3.12865e-05,4.4695e-05,3.12865e-05,4.4695e-05,3.12865e-05,4.4695e-05
2.23475e-05,3.12865e-05,2.23475e-05,3.12865e-05,2.23475e-05,3.12865e-05,2.23475e-05,3.12865e-05,2.23475e-05,3.12865e-05,2.23475e-05,3.12865e-05,2.23475e-05,3.12865e-05,2.23475e-05,3.12865e-05,2.23475e-05,3.12865e-05,2.23475e-05,3.12865e-05
3.12865e-05,4.4695e-05,3.12865e-05,4.4695e-05,3.12865e-05,4.4695e-05,3.12865e-05,4.4695e-05,3.12865e-05,4.4695e-05,3.12865e-05,4.4695e-05,3.12865e-05,4.4695e-05,3.12865e-05,4.4695e-05,3.12865e-05,4.4695e-05,3.12865e-05,4.4695e-05
2.23475e-05,3.12865e-05,2.23475e-05,3.12865e-05,2.23475e-05,3.12865e-05,2.23475e-05,3.12865e-05,2.23475e-05,3.12865e-05,2.23475e-05,3.12865e-05,2.23475e-05,3.12865e-05,2.23475e-05,3.12865e-05,2.23475e-05,3.12865e-05,2.23475e-05,3.12865e-05
3.12865e-05,4.4695e-05,3.12865e-05,4.4695e-05,3.12865e-05,4.4695e-05,3.12865e-05,4.4695e-05,3.12865e-05,4.4695e-05,3.12865e-05,4.4695e-05,3.12865e-05,4.4695e-05,3.12865e-05,4.4695e-05,3.12865e-05,4.4695e-05,3.12865e-05,4.4695e-05
2.23475e-05,3.12865e-05,2.23475e-05,3.12865e-05,2.23475e-05,3.12865e-05,2.23475e-05,3.12865e-05,2.23475e-05,3.12865e-05,2.23475e-05,3.12865e-05,2.23475e-05,3.12865e-05,2.23475e-05,3.12865e-05,2.23475e-05,3.12865e-05,2.23475e-05,3.12865e-05
3.12865e-05,4.4695e-05,3.12865e-05,4.4695e-05,3.12865e-05,4.4695e-05,3.12865e-05,4.4695e-05,3.12865e-05,4.4695e-05,3.12865e-05,4.4695e-05,3.12865e-05,4.4695e-05,3.12865e-05,4.4695e-05,3.12865e-05,4.4695e-05,3.12865e-05,4.4695e-05
2.23475e-05,3.12865e-05,2.23475e-05,3.12865e-05,2.23475e-05,3.12865e-05,2.23475e-05,3.12865e-05,2.23475e-05,3.12865e-05,2.23475e-05,3.12865e-05,2.23475e-05,3.12865e-05,2.23475e-05,3.12865e-05,2.23475e-05,3.12865e-05,2.23475e-05,3.12865e-05
3.12865e-05,4.4695e-05,3.12865e-05,4.4695e-05,3.12865e-05,4.4695e-05,3.12865e-05,4.4695e-05,3.12865e-05,4.4695e-05,3.12865e-05,4.4695e-05,3.12865e-05,4.4695e-05,3.12865e-05,4.4695e-05,3.12865e-05,4.4695e-05,3.12865e-05,4.4695e-05
2.23475e-05,3.12865e-05,2.23475e-05,3.12865e-05,2.23475e-05,3.12865e-05,2.23475e-05,0.0074956,0.0987172,0.144978,0.197412,0.144978,0.0987172,0.0074956,2.23475e-05,3.12865e-05,2.23475e-05,3.12865e-05,2.23475e-05,3.12865e-05
3.12865e-05,4.4695e-05,3.12865e-05,4.4695e-05,3.12865e-05,4.4695e-05,0.0074956,0.0498439,0.15709,0.339255,0.299221,0.339255,0.15709,0.0498439,0.0074956,4.4695e-05,3.12865e-05,4.4695e-05,3.12865e-05,4.4695e-05
2.23475e-05,3.12865e-05,2.23475e-05,3.12865e-05,2.23475e-05,3.12865e-05,0.168676,0.237093,0.659245,0.629842,0.98116,0.629842,0.659245,0.237093,0.168676,3.12865e-05,2.23475e-05,3.12865e-05,2.23475e-05,3.12865e-05
3.12865e-05,4.4695e-05,3.12865e-05,4.4695e-05,3.12865e-05,0.0281839,0.224981,0.497762,0.782816,1.00576,1.1157,1.00576,0.782816,0.497762,0.224981,0.0281839,3.12865e-05,4.4695e-05,3.12865e-05,4.4695e-05
2.23475e-05,3.12865e-05,2.23475e-05,3.12865e-05,0.000635141,0.0328154,0.421435,0.627676,1.40141,1.26782,1.96119,1.26782,1.40141,0.627676,0.421435,0.0328154,0.000635141,3.12865e-05,2.23475e-05,3.12865e-05
3.12865e-05,4.4695e-05,3.12865e-05,4.4695e-05,0.0328154,0.129326,0.353244,0.691767,1.03506,1.46206,1.42924,1.46206,1.03506,0.691767,0.353244,0.129326,0.0328154,4.4695e-05,3.12865e-05,4.4695e-05
2.23475e-05,3.12865e-05,2.23475e-05,3.12865e-05,0.000635141,0.0328154,0.421435,0.627676,1.40141,1.26782,1.96119,1.26782,1.40141,0.627676,0.421435,0.0328154,0.000635141,3.12865e-05,2.23475e-05,3.12865e-05
3.12865e-05,4.4695e-05,3.12865e-05,4.4695e-05,3.12865e-05,0.0281839,0.224981,0.497762,0.782816,1.00576,1.1157,1.00576,0.782816,0.497762,0.224981,0.0281839,3.12865e-05,4.4695e-05,3.12865e-05,4.4695e-05
2.23475e-05,3.12865e-05,2.23475e-05,3.12865e-05,2.23475e-05,3.12865e-05,0.168676,0.237093,0.659245,0.629842,0.98116,0.629842,0.659245,0.237093,0.168676,3.12865e-05,2.23475e-05,3.12865e-05,2.23475e-05,3.12865e-05
3.12865e-05,4.4695e-05,3.12865e-05,4.4695e-05,3.12865e-05,4.4695e-05,0.0074956,0.0498439,0.15709,0.339255,0.299221,0.339255,0.15709,0.0498439,0.0074956,4.4695e-05,3.12865e-05,4.4695e-05,3.12865e-05,4.4695e-05
2.23475e-05,3.12865e-05,2.23475e-05,3.12865e-05,2.23475e-05,3.12865e-05,2.23475e-05,0.0074956,0.0987172,0.144978,0.197412,0.144978,0.0987172,0.0074956,2.23475e-05,3.12865e-05,2.23475e-05,3.12865e-05,2.23475e-05,3.12865e-05