2.23475e-05,3.12865e-05,2.23475e-05,3.12865e-05,2.23475e-05,3.12865e-05,2.23475e-05,3.12865e-05,2.23475e-05,3.12865e-05,2.23475e-05,3.12865e-05,2.23475e-05,3.12865e-05,2.23475e-05,3.12865e-05,2.23475e-05,3.12865e-05,2.23475e-05,3.12865e-05
3.12865e-05,4.4695e-05,3.12865e-05,4.4695e-05,3.12865e-05,4.4695e-05,3.12865e-05,4.4695e-05,3.12865e-05,4.4695e-05,3.12865e-05,4.4695e-05,3.12865e-05,4.4695e-05,3.12865e-05,4.4695e-05,3.12865e-05,4.4695e-05,3.12865e-05,4.4695e-05
2.23475e-05,3.12865e-05,2.23475e-05,3.12865e-05,2.23475e-05,3.12865e-05,2.23475e-05,3.12865e-05,2.23475e-05,3.12865e-05,2.23475e-05,3.12865e-05,2.23475e-05,3.12865e-05,2.23475e-05,3.12865e-05,2.23475e-05,3.12865e-05,2.23475e-05,3.12865e-05
3.12865e-05,4.4695e-05,3.12865e-05,4.4695e-05,3.12865e-05,4.4695e-05,3.12865e-05,4.4695e-05,3.12865e-05,4.4695e-05,3.12865e-05,0.00106304,3.12865e-05,4.4695e-05,3.12865e-05,4.4695e-05,3.12865e-05,4.4695e-05,3.12865e-05,4.4695e-05
2.23475e-05,3.12865e-05,2.23475e-05,3.12865e-05,2.23475e-05,3.12865e-05,2.23475e-05,3.12865e-05,0.0514817,0.0909616,0.159335,0.155452,0.159335,0.0909616,0.0514817,3.12865e-05,2.23475e-05,3.12865e-05,2.23475e-05,3.12865e-05
3.12865e-05,4.4695e-05,3.12865e-05,4.4695e-05,3.12865e-05,4.4695e-05,3.12865e-05,0.0194516,0.122679,0.324832,0.375167,0.504799,0.375167,0.324832,0.122679,0.0194516,3.12865e-05,4.4695e-05,3.12865e-05,4.4695e-05
2.23475e-05,3.12865e-05,2.23475e-05,3.12865e-05,2.23475e-05,3.12865e-05,0.116196,0.196685,0.632549,0.751747,1.2654,0.984187,1.2654,0.751747,0.632549,0.196685,0.116196,3.12865e-05,2.23475e-05,3.12865e-05
3.12865e-05,4.4695e-05,3.12865e-05,4.4695e-05,3.12865e-05,4.4695e-05,0.164967,0.530583,0.945238,1.46453,1.88045,1.97668,1.88045,1.46453,0.945238,0.530583,0.164967,4.4695e-05,3.12865e-05,4.4695e-05
2.23475e-05,3.12865e-05,2.23475e-05,3.12865e-05,2.23475e-05,3.12865e-05,0.455517,0.833355,1.88388,2.12954,3.35212,2.76065,3.35212,2.12954,1.88388,0.833355,0.455517,3.12865e-05,2.23475e-05,3.12865e-05
3.12865e-05,4.4695e-05,3.12865e-05,4.4695e-05,3.12865e-05,0.124236,0.420149,1.11981,1.80229,2.81506,3.31287,3.71168,3.31287,2.81506,1.80229,1.11981,0.420149,0.124236,3.12865e-05,4.4695e-05
2.23475e-05,3.12865e-05,2.23475e-05,3.12865e-05,2.23475e-05,3.12865e-05,0.678664,1.27337,2.6056,2.93747,4.49209,3.86379,4.49209,2.93747,2.6056,1.27337,0.678664,3.12865e-05,2.23475e-05,3.12865e-05
3.12865e-05,4.4695e-05,3.12865e-05,4.4695e-05,3.12865e-05,0.124236,0.420149,1.11981,1.80229,2.81506,3.31287,3.71168,3.31287,2.81506,1.80229,1.11981,0.420149,0.124236,3.12865e-05,4.4695e-05
2.23475e-05,3.12865e-05,2.23475e-05,3.12865e-05,2.23475e-05,3.12865e-05,0.455517,0.833355,1.88388,2.12954,3.35212,2.76065,3.35212,2.12954,1.88388,0.833355,0.455517,3.12865e-05,2.23475e-05,3.12865e-05
3.12865e-05,4.4695e-05,3.12865e-05,4.4695e-05,3.12865e-05,4.4695e-05,0.164967,0.530583,0.945238,1.46453,1.88045,1.97668,1.88045,1.46453,0.945238,0.530583,0.164967,4.4695e-05,3.12865e-05,4.4695e-05
2.23475e-05,3.12865e-05,2.23475e-05,3.12865e-05,2.23475e-05,3.12865e-05,0.116196,0.196685,0.632549,0.751747,1.2654,0.984187,1.2654,0.751747,0.632549,0.196685,0.116196,3.12865e-05,2.23475e-05,3.12865e-05
3.12865e-05,4.4695e-05,3.12865e-05,4.4695e-05,3.12865e-05,4.4695e-05,3.12865e-05,0.0194516,0.122679,0.324832,0.375167,0.504799,0.375167,0.324832,0.122679,0.0194516,3.12865e-05,4.4695e-05,3.12865e-05,4.4695e-05
2.23475e-05,3.12865e-05,2.23475e-05,3.12865e-05,2.23475e-05,3.12865e-05,2.23475e-05,3.12865e-05,0.0514817,0.0909616,0.159335,0.155452,0.159335,0.0909616,0.0514817,3.12865e-05,2.23475e-05,3.12865e-05,2.23475e-05,3.12865e-05
3.12865e-05,4.4695e-05,3.12865e-05,4.4695e-05,3.12865e-05,4.4695e-05,3.12865e-05,4.4695e-05,3.12865e-05,4.4695e-05,3.12865e-05,0.00106304,3.12865e-05,4.4695e-05,3.12865e-05,4.4695e-05,3.12865e-05,4.4695e-05,3.12865e-05,4.4695e-05
2.23475e-05,3.12865e-05,2.23475e-05,3.12865e-05,2.23475e-05,3.12865e-05,2.23475e-05,3.12865e-05,2.23475e-05,3.12865e-05,2.23475e-05,3.12865e-05,2.23475e-05,3.12865e-05,2.23475e-05,3.12865e-05,2.23475e-05,3.12865e-05,2.23475e-05,3.12865e-05
3.12865e-05,4.4695e-05,3.12865e-05,4.4695e-05,3.12865e-05,4.4695e-05,3.12865e-05,4.4695e-05,3.12865e-05,4.4695e-05,3.12865e-05,4.4695e-05,3.12865e-05,4.4695e-05,3.12865e-05,4.4695e-05,3.12865e-05,4.4695e-05,3.12865e-05,4.4695e-05