0.0974438,0.187038,0.0974438,0.187038,0.0974438,0.187038,0.0974438,0.187038,0.0974438,0.187038,0.0974438,0.187038,0.0974438,0.187038,0.0974438,0.187038,0.0974438,0.187038,0.0974438,0.187038
1.95e-05,0.0974438,1.95e-05,0.0974438,1.95e-05,0.0974438,1.95e-05,0.0974438,1.95e-05,0.0974438,1.95e-05,0.0974438,1.95e-05,0.0974438,1.95e-05,0.0974438,1.95e-05,0.0974438,1.95e-05,0.0974438
0.0974438,0.187038,0.0974438,0.187038,0.0974438,0.187038,0.0974438,0.187038,0.0974438,0.187038,0.0974438,0.187038,0.0974438,0.187038,0.0974438,0.187038,0.0974438,0.187038,0.0974438,0.187038
1.95e-05,0.0974438,1.95e-05,0.0974438,1.95e-05,0.0974438,1.95e-05,0.0974438,1.95e-05,0.0974438,1.95e-05,0.0974438,1.95e-05,0.0974438,1.95e-05,0.0974438,1.95e-05,0.0974438,1.95e-05,0.0974438
0.0974438,0.187038,0.0974438,0.187038,0.0974438,0.187038,0.0974438,0.187038,0.0974438,0.187038,0.0974438,0.187038,0.0974438,0.187038,0.0974438,0.187038,0.0974438,0.187038,0.0974438,0.187038
1.95e-05,0.0974438,1.95e-05,0.0974438,1.95e-05,0.0974438,1.95e-05,0.0974438,1.95e-05,0.0974438,1.95e-05,0.0974438,1.95e-05,0.0974438,1.95e-05,0.0974438,1.95e-05,0.0974438,1.95e-05,0.0974438
0.0974438,0.187038,0.0974438,0.187038,0.0974438,0.187038,0.0974438,0.187038,0.0974438,0.187038,0.0974438,0.187038,0.0974438,0.187038,0.0974438,0.187038,0.0974438,0.187038,0.0974438,0.187038
1.95e-05,0.0974438,1.95e-05,0.0974438,1.95e-05,0.0974438,1.95e-05,0.0974438,1.95e-05,0.0974438,1.95e-05,0.0974438,1.95e-05,0.0974438,1.95e-05,0.0974438,1.95e-05,0.0974438,1.95e-05,0.0974438
0.0974438,0.187038,0.0974438,0.187038,0.0974438,0.187038,0.0974438,0.187038,0.0974438,0.187038,0.0974438,0.187038,0.0974438,0.187038,0.0974438,0.187038,0.0974438,0.187038,0.0974438,0.187038
1.95e-05,0.152567,1.95e-05,0.262813,1.95e-05,0.262813,1.95e-05,0.152567,1.95e-05,0.0974438,1.95e-05,0.0974438,1.95e-05,0.0974438,1.95e-05,0.0974438,1.95e-05,0.0974438,1.95e-05,0.0974438
0.152567,0.271339,0.317936,0.439941,0.428183,0.439941,0.317936,0.271339,0.152567,0.187038,0.0974438,0.187038,0.0974438,0.187038,0.0974438,0.187038,0.0974438,0.187038,0.0974438,0.187038
0.0181324,0.37306,0.247391,0.924291,0.458538,0.924291,0.247391,0.37306,0.0181324,0.0974438,1.95e-05,0.0974438,1.95e-05,0.0974438,1.95e-05,0.0974438,1.95e-05,0.0974438,1.95e-05,0.0974438
0.317936,0.524242,0.979415,1.19865,1.4204,1.19865,0.979415,0.524242,0.317936,0.187038,0.0974438,0.187038,0.0974438,0.187038,0.0974438,0.187038,0.0974438,0.187038,0.0974438,0.187038
0.0890318,0.648675,0.70591,1.75114,1.23377,1.75114,0.70591,0.648675,0.0890318,0.0974438,1.95e-05,0.0974438,1.95e-05,0.0974438,1.95e-05,0.0974438,1.95e-05,0.0974438,1.95e-05,0.0974438
0.428183,0.692844,1.4204,1.70446,2.08188,1.70446,1.4204,0.692844,0.428183,0.187038,0.0974438,0.187038,0.0974438,0.187038,0.0974438,0.187038,0.0974438,0.187038,0.0974438,0.187038
0.0890318,0.648675,0.70591,1.75114,1.23377,1.75114,0.70591,0.648675,0.0890318,0.0974438,1.95e-05,0.0974438,1.95e-05,0.0974438,1.95e-05,0.0974438,1.95e-05,0.0974438,1.95e-05,0.0974438
0.317936,0.524242,0.979415,1.19865,1.4204,1.19865,0.979415,0.524242,0.317936,0.187038,0.0974438,0.187038,0.0974438,0.187038,0.0974438,0.187038,0.0974438,0.187038,0.0974438,0.187038
0.0181324,0.37306,0.247391,0.924291,0.458538,0.924291,0.247391,0.37306,0.0181324,0.0974438,1.95e-05,0.0974438,1.95e-05,0.0974438,1.95e-05,0.0974438,1.95e-05,0.0974438,1.95e-05,0.0974438
0.152567,0.271339,0.317936,0.439941,0.428183,0.439941,0.317936,0.271339,0.152567,0.187038,0.0974438,0.187038,0.0974438,0.187038,0.0974438,0.187038,0.0974438,0.187038,0.0974438,0.187038
1.95e-05,0.152567,1.95e-05,0.262813,1.95e-05,0.262813,1.95e-05,0.152567,1.95e-05,0.0974438,1.95e-05,0.0974438,1.95e-05,0.0974438,1.95e-05,0.0974438,1.95e-05,0.0974438,1.95e-05,0.0974438