3.12865e-05,2.23475e-05,3.12865e-05,2.23475e-05,3.12865e-05,2.23475e-05,3.12865e-05,2.23475e-05,3.12865e-05,2.23475e-05,0.0152098,2.23475e-05,0.0152098,2.23475e-05,3.12865e-05,2.23475e-05,3.12865e-05,2.23475e-05,3.12865e-05,2.23475e-05
4.4695e-05,3.12865e-05,4.4695e-05,3.12865e-05,4.4695e-05,3.12865e-05,4.4695e-05,3.12865e-05,4.4695e-05,3.12865e-05,4.4695e-05,3.12865e-05,4.4695e-05,3.12865e-05,4.4695e-05,3.12865e-05,4.4695e-05,3.12865e-05,4.4695e-05,3.12865e-05
3.12865e-05,2.23475e-05,3.12865e-05,2.23475e-05,3.12865e-05,2.23475e-05,3.12865e-05,2.23475e-05,3.12865e-05,2.23475e-05,3.12865e-05,2.23475e-05,3.12865e-05,2.23475e-05,3.12865e-05,2.23475e-05,3.12865e-05,2.23475e-05,3.12865e-05,2.23475e-05
4.4695e-05,3.12865e-05,4.4695e-05,3.12865e-05,4.4695e-05,3.12865e-05,4.4695e-05,3.12865e-05,4.4695e-05,3.12865e-05,4.4695e-05,3.12865e-05,4.4695e-05,3.12865e-05,4.4695e-05,3.12865e-05,4.4695e-05,3.12865e-05,4.4695e-05,3.12865e-05
3.12865e-05,2.23475e-05,3.12865e-05,2.23475e-05,3.12865e-05,2.23475e-05,3.12865e-05,2.23475e-05,3.12865e-05,2.23475e-05,3.12865e-05,2.23475e-05,3.12865e-05,2.23475e-05,3.12865e-05,2.23475e-05,3.12865e-05,2.23475e-05,3.12865e-05,2.23475e-05
4.4695e-05,3.12865e-05,4.4695e-05,3.12865e-05,4.4695e-05,3.12865e-05,4.4695e-05,3.12865e-05,4.4695e-05,3.12865e-05,4.4695e-05,3.12865e-05,4.4695e-05,3.12865e-05,4.4695e-05,3.12865e-05,4.4695e-05,3.12865e-05,4.4695e-05,3.12865e-05
3.12865e-05,2.23475e-05,3.12865e-05,2.23475e-05,3.12865e-05,2.23475e-05,3.12865e-05,2.23475e-05,3.12865e-05,2.23475e-05,3.12865e-05,2.23475e-05,3.12865e-05,2.23475e-05,3.12865e-05,2.23475e-05,3.12865e-05,2.23475e-05,3.12865e-05,2.23475e-05
4.4695e-05,3.12865e-05,4.4695e-05,3.12865e-05,4.4695e-05,3.12865e-05,4.4695e-05,3.12865e-05,4.4695e-05,3.12865e-05,4.4695e-05,3.12865e-05,4.4695e-05,3.12865e-05,4.4695e-05,3.12865e-05,4.4695e-05,3.12865e-05,4.4695e-05,3.12865e-05
3.12865e-05,2.23475e-05,3.12865e-05,2.23475e-05,3.12865e-05,2.23475e-05,3.12865e-05,2.23475e-05,3.12865e-05,2.23475e-05,0.0152098,2.23475e-05,0.0152098,2.23475e-05,3.12865e-05,2.23475e-05,3.12865e-05,2.23475e-05,3.12865e-05,2.23475e-05
4.4695e-05,3.12865e-05,4.4695e-05,3.12865e-05,4.4695e-05,3.12865e-05,4.4695e-05,3.12865e-05,0.000102929,0.0152098,0.13139,0.0303883,0.13139,0.0152098,0.000102929,3.12865e-05,4.4695e-05,3.12865e-05,4.4695e-05,3.12865e-05
3.12865e-05,2.23475e-05,3.12865e-05,2.23475e-05,3.12865e-05,2.23475e-05,3.12865e-05,0.0934525,0.138958,0.380349,0.375377,0.573815,0.375377,0.380349,0.138958,0.0934525,3.12865e-05,2.23475e-05,3.12865e-05,2.23475e-05
4.4695e-05,3.12865e-05,4.4695e-05,3.12865e-05,4.4695e-05,3.12865e-05,0.0181294,0.138958,0.367449,0.601805,0.831604,0.925726,0.831604,0.601805,0.367449,0.138958,0.0181294,3.12865e-05,4.4695e-05,3.12865e-05
3.12865e-05,2.23475e-05,3.12865e-05,2.23475e-05,3.12865e-05,0.0121067,0.0459338,0.405178,0.61638,1.3363,1.24549,1.88643,1.24549,1.3363,0.61638,0.405178,0.0459338,0.0121067,3.12865e-05,2.23475e-05
4.4695e-05,3.12865e-05,4.4695e-05,3.12865e-05,4.4695e-05,0.0459338,0.173123,0.420676,0.85554,1.26007,1.71686,1.77062,1.71686,1.26007,0.85554,0.420676,0.173123,0.0459338,4.4695e-05,3.12865e-05
3.12865e-05,2.23475e-05,3.12865e-05,2.23475e-05,3.12865e-05,0.024191,0.0918363,0.623473,0.954875,1.91192,1.77062,2.62526,1.77062,1.91192,0.954875,0.623473,0.0918363,0.024191,3.12865e-05,2.23475e-05
4.4695e-05,3.12865e-05,4.4695e-05,3.12865e-05,4.4695e-05,0.0459338,0.173123,0.420676,0.85554,1.26007,1.71686,1.77062,1.71686,1.26007,0.85554,0.420676,0.173123,0.0459338,4.4695e-05,3.12865e-05
3.12865e-05,2.23475e-05,3.12865e-05,2.23475e-05,3.12865e-05,0.0121067,0.0459338,0.405178,0.61638,1.3363,1.24549,1.88643,1.24549,1.3363,0.61638,0.405178,0.0459338,0.0121067,3.12865e-05,2.23475e-05
4.4695e-05,3.12865e-05,4.4695e-05,3.12865e-05,4.4695e-05,3.12865e-05,0.0181294,0.138958,0.367449,0.601805,0.831604,0.925726,0.831604,0.601805,0.367449,0.138958,0.0181294,3.12865e-05,4.4695e-05,3.12865e-05
3.12865e-05,2.23475e-05,3.12865e-05,2.23475e-05,3.12865e-05,2.23475e-05,3.12865e-05,0.0934525,0.138958,0.380349,0.375377,0.573815,0.375377,0.380349,0.138958,0.0934525,3.12865e-05,2.23475e-05,3.12865e-05,2.23475e-05
4.4695e-05,3.12865e-05,4.4695e-05,3.12865e-05,4.4695e-05,3.12865e-05,4.4695e-05,3.12865e-05,0.000102929,0.0152098,0.13139,0.0303883,0.13139,0.0152098,0.000102929,3.12865e-05,4.4695e-05,3.12865e-05,4.4695e-05,3.12865e-05