0.0345771,1.95e-05,0.0345771,1.95e-05,0.0345771,1.95e-05,0.0345771,1.95e-05,0.0345771,1.95e-05,0.0345771,1.95e-05,0.0345771,1.95e-05,0.0345771,1.95e-05,0.0345771,1.95e-05,0.0345771,1.95e-05
0.138967,0.0345771,0.138967,0.0345771,0.138967,0.0345771,0.138967,0.0345771,0.138967,0.0345771,0.138967,0.0345771,0.138967,0.0345771,0.138967,0.0345771,0.138967,0.0345771,0.138967,0.0345771
0.0345771,1.95e-05,0.0345771,1.95e-05,0.0345771,1.95e-05,0.0345771,1.95e-05,0.0345771,1.95e-05,0.0345771,1.95e-05,0.0345771,1.95e-05,0.0345771,1.95e-05,0.0345771,1.95e-05,0.0345771,1.95e-05
0.138967,0.0345771,0.138967,0.0345771,0.138967,0.0345771,0.138967,0.0345771,0.138967,0.0345771,0.138967,0.0345771,0.138967,0.0345771,0.138967,0.0345771,0.138967,0.0345771,0.138967,0.0345771
0.0345771,1.95e-05,0.0345771,1.95e-05,0.0345771,1.95e-05,0.0345771,1.95e-05,0.0345771,1.95e-05,0.0345771,1.95e-05,0.0345771,1.95e-05,0.0345771,1.95e-05,0.0345771,1.95e-05,0.0345771,1.95e-05
0.138967,0.0345771,0.138967,0.0345771,0.138967,0.0345771,0.138967,0.0345771,0.138967,0.0345771,0.138967,0.0345771,0.138967,0.0345771,0.138967,0.0345771,0.138967,0.0345771,0.138967,0.0345771
0.0345771,1.95e-05,0.0345771,1.95e-05,0.0345771,1.95e-05,0.0378151,1.95e-05,0.0999147,1.95e-05,0.0999147,1.95e-05,0.0378151,1.95e-05,0.0345771,1.95e-05,0.0345771,1.95e-05,0.0345771,1.95e-05
0.138967,0.0345771,0.138967,0.0345771,0.138967,0.0378151,0.143919,0.103153,0.238889,0.165252,0.238889,0.103153,0.143919,0.0378151,0.138967,0.0345771,0.138967,0.0345771,0.138967,0.0345771
0.0345771,1.95e-05,0.0345771,1.95e-05,0.0345771,1.95e-05,0.166168,0.110961,0.545716,0.221902,0.545716,0.110961,0.166168,1.95e-05,0.0345771,1.95e-05,0.0345771,1.95e-05,0.0345771,1.95e-05
0.138967,0.0345771,0.138967,0.0345771,0.138967,0.16293,0.335259,0.60873,0.820739,0.926179,0.820739,0.60873,0.335259,0.16293,0.138967,0.0345771,0.138967,0.0345771,0.138967,0.0345771
0.0345771,1.95e-05,0.0345771,1.95e-05,0.0345771,0.0469673,0.475078,0.492536,1.39335,0.891156,1.39335,0.492536,0.475078,0.0469673,0.0345771,1.95e-05,0.0345771,1.95e-05,0.0345771,1.95e-05
0.138967,0.0345771,0.138967,0.0345771,0.138967,0.346726,0.616342,1.2597,1.5352,1.86053,1.5352,1.2597,0.616342,0.346726,0.138967,0.0345771,0.138967,0.0345771,0.138967,0.0345771
0.0345771,1.95e-05,0.0345771,1.95e-05,0.0345771,0.0939152,0.658875,0.76317,1.86053,1.33853,1.86053,0.76317,0.658875,0.0939152,0.0345771,1.95e-05,0.0345771,1.95e-05,0.0345771,1.95e-05
0.138967,0.0345771,0.138967,0.0345771,0.138967,0.346726,0.616342,1.2597,1.5352,1.86053,1.5352,1.2597,0.616342,0.346726,0.138967,0.0345771,0.138967,0.0345771,0.138967,0.0345771
0.0345771,1.95e-05,0.0345771,1.95e-05,0.0345771,0.0469673,0.475078,0.492536,1.39335,0.891156,1.39335,0.492536,0.475078,0.0469673,0.0345771,1.95e-05,0.0345771,1.95e-05,0.0345771,1.95e-05
0.138967,0.0345771,0.138967,0.0345771,0.138967,0.16293,0.335259,0.60873,0.820739,0.926179,0.820739,0.60873,0.335259,0.16293,0.138967,0.0345771,0.138967,0.0345771,0.138967,0.0345771
0.0345771,1.95e-05,0.0345771,1.95e-05,0.0345771,1.95e-05,0.166168,0.110961,0.545716,0.221902,0.545716,0.110961,0.166168,1.95e-05,0.0345771,1.95e-05,0.0345771,1.95e-05,0.0345771,1.95e-05
0.138967,0.0345771,0.138967,0.0345771,0.138967,0.0378151,0.143919,0.103153,0.238889,0.165252,0.238889,0.103153,0.143919,0.0378151,0.138967,0.0345771,0.138967,0.0345771,0.138967,0.0345771
0.0345771,1.95e-05,0.0345771,1.95e-05,0.0345771,1.95e-05,0.0378151,1.95e-05,0.0999147,1.95e-05,0.0999147,1.95e-05,0.0378151,1.95e-05,0.0345771,1.95e-05,0.0345771,1.95e-05,0.0345771,1.95e-05
0.138967,0.0345771,0.138967,0.0345771,0.138967,0.0345771,0.138967,0.0345771,0.138967,0.0345771,0.138967,0.0345771,0.138967,0.0345771,0.138967,0.0345771,0.138967,0.0345771,0.138967,0.0345771