2.73e-05,0.104112,0.000388283,0.1131,0.00662658,0.122088,0.00662658,0.1131,0.000388283,0.104112,2.73e-05,0.104112,2.73e-05,0.104112,2.73e-05,0.104112,2.73e-05,0.104112,2.73e-05,0.104112
1.95e-05,2.73e-05,1.95e-05,0.000388283,1.95e-05,0.0062656,1.95e-05,0.000388283,1.95e-05,2.73e-05,1.95e-05,2.73e-05,1.95e-05,2.73e-05,1.95e-05,2.73e-05,1.95e-05,2.73e-05,1.95e-05,2.73e-05
2.73e-05,0.104112,2.73e-05,0.104112,2.73e-05,0.104112,2.73e-05,0.104112,2.73e-05,0.104112,2.73e-05,0.104112,2.73e-05,0.104112,2.73e-05,0.104112,2.73e-05,0.104112,2.73e-05,0.104112
1.95e-05,2.73e-05,1.95e-05,2.73e-05,1.95e-05,2.73e-05,1.95e-05,2.73e-05,1.95e-05,2.73e-05,1.95e-05,2.73e-05,1.95e-05,2.73e-05,1.95e-05,2.73e-05,1.95e-05,2.73e-05,1.95e-05,2.73e-05
2.73e-05,0.104112,2.73e-05,0.104112,2.73e-05,0.104112,2.73e-05,0.104112,2.73e-05,0.104112,2.73e-05,0.104112,2.73e-05,0.104112,2.73e-05,0.104112,2.73e-05,0.104112,2.73e-05,0.104112
1.95e-05,2.73e-05,1.95e-05,0.000388283,1.95e-05,0.0062656,1.95e-05,0.000388283,1.95e-05,2.73e-05,1.95e-05,2.73e-05,1.95e-05,2.73e-05,1.95e-05,2.73e-05,1.95e-05,2.73e-05,1.95e-05,2.73e-05
2.73e-05,0.104112,0.000388283,0.1131,0.00662658,0.122088,0.00662658,0.1131,0.000388283,0.104112,2.73e-05,0.104112,2.73e-05,0.104112,2.73e-05,0.104112,2.73e-05,0.104112,2.73e-05,0.104112
1.95e-05,0.000388283,1.95e-05,0.113564,1.95e-05,0.226379,1.95e-05,0.113564,1.95e-05,0.000388283,1.95e-05,2.73e-05,1.95e-05,2.73e-05,1.95e-05,2.73e-05,1.95e-05,2.73e-05,1.95e-05,2.73e-05
0.000388283,0.1131,0.113564,0.28563,0.333316,0.449171,0.333316,0.28563,0.113564,0.1131,0.000388283,0.104112,2.73e-05,0.104112,2.73e-05,0.104112,2.73e-05,0.104112,2.73e-05,0.104112
1.95e-05,0.0442315,0.103782,0.561287,0.377464,1.02311,0.377464,0.561287,0.103782,0.0442315,1.95e-05,2.73e-05,1.95e-05,2.73e-05,1.95e-05,2.73e-05,1.95e-05,2.73e-05,1.95e-05,2.73e-05
0.0438705,0.179598,0.491954,0.797811,1.25108,1.34054,1.25108,0.797811,0.491954,0.179598,0.0438705,0.104112,2.73e-05,0.104112,2.73e-05,0.104112,2.73e-05,0.104112,2.73e-05,0.104112
1.95e-05,0.157046,0.377464,1.25108,1.19827,2.17705,1.19827,1.25108,0.377464,0.157046,1.95e-05,2.73e-05,1.95e-05,2.73e-05,1.95e-05,2.73e-05,1.95e-05,2.73e-05,1.95e-05,2.73e-05
0.113203,0.28563,0.916168,1.34054,2.17705,2.21393,2.17705,1.34054,0.916168,0.28563,0.113203,0.104112,2.73e-05,0.104112,2.73e-05,0.104112,2.73e-05,0.104112,2.73e-05,0.104112
1.95e-05,0.226379,0.547383,1.60596,1.64164,2.74815,1.64164,1.60596,0.547383,0.226379,1.95e-05,2.73e-05,1.95e-05,2.73e-05,1.95e-05,2.73e-05,1.95e-05,2.73e-05,1.95e-05,2.73e-05
0.113203,0.28563,0.916168,1.34054,2.17705,2.21393,2.17705,1.34054,0.916168,0.28563,0.113203,0.104112,2.73e-05,0.104112,2.73e-05,0.104112,2.73e-05,0.104112,2.73e-05,0.104112
1.95e-05,0.157046,0.377464,1.25108,1.19827,2.17705,1.19827,1.25108,0.377464,0.157046,1.95e-05,2.73e-05,1.95e-05,2.73e-05,1.95e-05,2.73e-05,1.95e-05,2.73e-05,1.95e-05,2.73e-05
0.0438705,0.179598,0.491954,0.797811,1.25108,1.34054,1.25108,0.797811,0.491954,0.179598,0.0438705,0.104112,2.73e-05,0.104112,2.73e-05,0.104112,2.73e-05,0.104112,2.73e-05,0.104112
1.95e-05,0.0442315,0.103782,0.561287,0.377464,1.02311,0.377464,0.561287,0.103782,0.0442315,1.95e-05,2.73e-05,1.95e-05,2.73e-05,1.95e-05,2.73e-05,1.95e-05,2.73e-05,1.95e-05,2.73e-05
0.000388283,0.1131,0.113564,0.28563,0.333316,0.449171,0.333316,0.28563,0.113564,0.1131,0.000388283,0.104112,2.73e-05,0.104112,2.73e-05,0.104112,2.73e-05,0.104112,2.73e-05,0.104112
1.95e-05,0.000388283,1.95e-05,0.113564,1.95e-05,0.226379,1.95e-05,0.113564,1.95e-05,0.000388283,1.95e-05,2.73e-05,1.95e-05,2.73e-05,1.95e-05,2.73e-05,1.95e-05,2.73e-05,1.95e-05,2.73e-05