2.73e-05,1.95e-05,2.73e-05,1.95e-05,2.73e-05,1.95e-05,2.73e-05,1.95e-05,2.73e-05,1.95e-05,2.73e-05,1.95e-05,2.73e-05,1.95e-05,2.73e-05,1.95e-05,2.73e-05,1.95e-05,2.73e-05,1.95e-05
0.0714156,2.73e-05,0.0714156,2.73e-05,0.0714156,2.73e-05,0.0714156,2.73e-05,0.0714156,2.73e-05,0.0714156,2.73e-05,0.0714156,2.73e-05,0.0714156,2.73e-05,0.0714156,2.73e-05,0.0714156,2.73e-05
2.73e-05,1.95e-05,2.73e-05,1.95e-05,2.73e-05,1.95e-05,2.73e-05,1.95e-05,2.73e-05,1.95e-05,2.73e-05,1.95e-05,2.73e-05,1.95e-05,2.73e-05,1.95e-05,2.73e-05,1.95e-05,2.73e-05,1.95e-05
0.0714156,2.73e-05,0.0714156,2.73e-05,0.0714156,2.73e-05,0.0714156,2.73e-05,0.0714156,2.73e-05,0.0714156,2.73e-05,0.0714156,2.73e-05,0.0714156,2.73e-05,0.0714156,2.73e-05,0.0714156,2.73e-05
2.73e-05,1.95e-05,2.73e-05,1.95e-05,2.73e-05,1.95e-05,2.73e-05,1.95e-05,2.73e-05,1.95e-05,2.73e-05,1.95e-05,2.73e-05,1.95e-05,2.73e-05,1.95e-05,2.73e-05,1.95e-05,2.73e-05,1.95e-05
0.0714156,2.73e-05,0.0714156,2.73e-05,0.0714156,2.73e-05,0.0714156,2.73e-05,0.0714156,2.73e-05,0.0714156,2.73e-05,0.078209,2.73e-05,0.0850024,2.73e-05,0.078209,2.73e-05,0.0714156,2.73e-05
2.73e-05,1.95e-05,2.73e-05,1.95e-05,2.73e-05,1.95e-05,2.73e-05,1.95e-05,2.73e-05,1.95e-05,0.0767261,0.0541557,0.344464,0.186885,0.508607,0.186885,0.344464,0.0541557,0.0767261,1.95e-05
0.0714156,2.73e-05,0.0714156,2.73e-05,0.0714156,2.73e-05,0.0714156,2.73e-05,0.0714156,0.0767261,0.229845,0.421163,0.639302,0.853044,0.890329,0.853044,0.639302,0.421163,0.229845,0.0767261
0.024449,1.95e-05,2.73e-05,1.95e-05,2.73e-05,1.95e-05,2.73e-05,1.95e-05,0.024449,0.0785884,0.472191,0.547413,1.44193,1.19929,1.98834,1.19929,1.44193,0.547413,0.472191,0.0785884
0.149897,0.024449,0.0714156,2.73e-05,0.0714156,2.73e-05,0.0714156,0.024449,0.149897,0.419914,0.717341,1.49295,1.79092,2.57722,2.37553,2.57722,1.79092,1.49295,0.717341,0.419914
0.0933562,1.95e-05,2.73e-05,1.95e-05,2.73e-05,1.95e-05,2.73e-05,1.95e-05,0.0933562,0.251138,0.987239,1.26972,2.59011,2.4471,3.44623,2.4471,2.59011,1.26972,0.987239,0.251138
0.217929,0.0689345,0.0714156,2.73e-05,0.0714156,2.73e-05,0.0714156,0.0689345,0.217929,0.660681,1.01752,2.0844,2.39525,3.45912,3.11991,3.45912,2.39525,2.0844,1.01752,0.660681
0.0933562,1.95e-05,2.73e-05,1.95e-05,2.73e-05,1.95e-05,2.73e-05,1.95e-05,0.0933562,0.251138,0.987239,1.26972,2.59011,2.4471,3.44623,2.4471,2.59011,1.26972,0.987239,0.251138
0.149897,0.024449,0.0714156,2.73e-05,0.0714156,2.73e-05,0.0714156,0.024449,0.149897,0.419914,0.717341,1.49295,1.79092,2.57722,2.37553,2.57722,1.79092,1.49295,0.717341,0.419914
0.024449,1.95e-05,2.73e-05,1.95e-05,2.73e-05,1.95e-05,2.73e-05,1.95e-05,0.024449,0.0785884,0.472191,0.547413,1.44193,1.19929,1.98834,1.19929,1.44193,0.547413,0.472191,0.0785884
0.0714156,2.73e-05,0.0714156,2.73e-05,0.0714156,2.73e-05,0.0714156,2.73e-05,0.0714156,0.0767261,0.229845,0.421163,0.639302,0.853044,0.890329,0.853044,0.639302,0.421163,0.229845,0.0767261
2.73e-05,1.95e-05,2.73e-05,1.95e-05,2.73e-05,1.95e-05,2.73e-05,1.95e-05,2.73e-05,1.95e-05,0.0767261,0.0541557,0.344464,0.186885,0.508607,0.186885,0.344464,0.0541557,0.0767261,1.95e-05
0.0714156,2.73e-05,0.0714156,2.73e-05,0.0714156,2.73e-05,0.0714156,2.73e-05,0.0714156,2.73e-05,0.0714156,2.73e-05,0.078209,2.73e-05,0.0850024,2.73e-05,0.078209,2.73e-05,0.0714156,2.73e-05
2.73e-05,1.95e-05,2.73e-05,1.95e-05,2.73e-05,1.95e-05,2.73e-05,1.95e-05,2.73e-05,1.95e-05,2.73e-05,1.95e-05,2.73e-05,1.95e-05,2.73e-05,1.95e-05,2.73e-05,1.95e-05,2.73e-05,1.95e-05
0.0714156,2.73e-05,0.0714156,2.73e-05,0.0714156,2.73e-05,0.0714156,2.73e-05,0.0714156,2.73e-05,0.0714156,2.73e-05,0.0714156,2.73e-05,0.0714156,2.73e-05,0.0714156,2.73e-05,0.0714156,2.73e-05