3.12865e-05,2.23475e-05,3.12865e-05,2.23475e-05,3.12865e-05,2.23475e-05,3.12865e-05,2.23475e-05,3.12865e-05,2.23475e-05,3.12865e-05,2.23475e-05,3.12865e-05,2.23475e-05,3.12865e-05,2.23475e-05,3.12865e-05,2.23475e-05,3.12865e-05,2.23475e-05
4.4695e-05,3.12865e-05,4.4695e-05,3.12865e-05,4.4695e-05,3.12865e-05,4.4695e-05,3.12865e-05,4.4695e-05,3.12865e-05,4.4695e-05,3.12865e-05,4.4695e-05,3.12865e-05,4.4695e-05,3.12865e-05,4.4695e-05,3.12865e-05,4.4695e-05,3.12865e-05
3.12865e-05,2.23475e-05,3.12865e-05,2.23475e-05,3.12865e-05,2.23475e-05,3.12865e-05,2.23475e-05,3.12865e-05,2.23475e-05,3.12865e-05,2.23475e-05,3.12865e-05,2.23475e-05,3.12865e-05,2.23475e-05,3.12865e-05,2.23475e-05,3.12865e-05,2.23475e-05
4.4695e-05,3.12865e-05,4.4695e-05,3.12865e-05,4.4695e-05,3.12865e-05,4.4695e-05,3.12865e-05,4.4695e-05,3.12865e-05,4.4695e-05,3.12865e-05,4.4695e-05,3.12865e-05,0.0728562,3.12865e-05,4.4695e-05,3.12865e-05,4.4695e-05,3.12865e-05
3.12865e-05,2.23475e-05,3.12865e-05,2.23475e-05,3.12865e-05,2.23475e-05,3.12865e-05,2.23475e-05,3.12865e-05,2.23475e-05,0.0110159,0.135048,0.186525,0.391196,0.325036,0.391196,0.186525,0.135048,0.0110159,2.23475e-05
4.4695e-05,3.12865e-05,4.4695e-05,3.12865e-05,4.4695e-05,3.12865e-05,4.4695e-05,3.12865e-05,4.4695e-05,0.0110159,0.180845,0.452868,0.875622,1.15577,1.17795,1.15577,0.875622,0.452868,0.180845,0.0110159
0.0264459,2.23475e-05,3.12865e-05,2.23475e-05,3.12865e-05,2.23475e-05,3.12865e-05,2.23475e-05,0.0264459,0.374457,0.726648,1.57763,1.82898,2.88765,2.5012,2.88765,1.82898,1.57763,0.726648,0.374457
0.203016,0.0264459,4.4695e-05,3.12865e-05,4.4695e-05,3.12865e-05,4.4695e-05,0.0264459,0.203016,0.71955,1.64142,2.68718,3.72996,4.66147,4.89846,4.66147,3.72996,2.68718,1.64142,0.71955
0.459058,0.146667,3.12865e-05,2.23475e-05,3.12865e-05,2.23475e-05,3.12865e-05,0.146667,0.459058,1.52848,2.64021,4.82666,5.62724,7.95518,7.21369,7.95518,5.62724,4.82666,2.64021,1.52848
0.828496,0.199812,0.00521046,3.12865e-05,4.4695e-05,3.12865e-05,0.00521046,0.199812,0.828496,1.74036,3.60454,5.54955,7.80464,9.279,9.86098,9.279,7.80464,5.54955,3.60454,1.74036
1.06926,0.363591,3.12865e-05,2.23475e-05,3.12865e-05,2.23475e-05,3.12865e-05,0.363591,1.06926,2.71185,4.49368,7.81153,9.22757,12.4975,11.5965,12.4975,9.22757,7.81153,4.49368,2.71185
1.08484,0.280181,0.0577803,3.12865e-05,4.4695e-05,3.12865e-05,0.0577803,0.280181,1.08484,2.3113,4.69177,7.07385,9.8127,11.5983,12.3188,11.5983,9.8127,7.07385,4.69177,2.3113
1.06926,0.363591,3.12865e-05,2.23475e-05,3.12865e-05,2.23475e-05,3.12865e-05,0.363591,1.06926,2.71185,4.49368,7.81153,9.22757,12.4975,11.5965,12.4975,9.22757,7.81153,4.49368,2.71185
0.828496,0.199812,0.00521046,3.12865e-05,4.4695e-05,3.12865e-05,0.00521046,0.199812,0.828496,1.74036,3.60454,5.54955,7.80464,9.279,9.86098,9.279,7.80464,5.54955,3.60454,1.74036
0.459058,0.146667,3.12865e-05,2.23475e-05,3.12865e-05,2.23475e-05,3.12865e-05,0.146667,0.459058,1.52848,2.64021,4.82666,5.62724,7.95518,7.21369,7.95518,5.62724,4.82666,2.64021,1.52848
0.203016,0.0264459,4.4695e-05,3.12865e-05,4.4695e-05,3.12865e-05,4.4695e-05,0.0264459,0.203016,0.71955,1.64142,2.68718,3.72996,4.66147,4.89846,4.66147,3.72996,2.68718,1.64142,0.71955
0.0264459,2.23475e-05,3.12865e-05,2.23475e-05,3.12865e-05,2.23475e-05,3.12865e-05,2.23475e-05,0.0264459,0.374457,0.726648,1.57763,1.82898,2.88765,2.5012,2.88765,1.82898,1.57763,0.726648,0.374457
4.4695e-05,3.12865e-05,4.4695e-05,3.12865e-05,4.4695e-05,3.12865e-05,4.4695e-05,3.12865e-05,4.4695e-05,0.0110159,0.180845,0.452868,0.875622,1.15577,1.17795,1.15577,0.875622,0.452868,0.180845,0.0110159
3.12865e-05,2.23475e-05,3.12865e-05,2.23475e-05,3.12865e-05,2.23475e-05,3.12865e-05,2.23475e-05,3.12865e-05,2.23475e-05,0.0110159,0.135048,0.186525,0.391196,0.325036,0.391196,0.186525,0.135048,0.0110159,2.23475e-05
4.4695e-05,3.12865e-05,4.4695e-05,3.12865e-05,4.4695e-05,3.12865e-05,4.4695e-05,3.12865e-05,4.4695e-05,3.12865e-05,4.4695e-05,3.12865e-05,4.4695e-05,3.12865e-05,0.0728562,3.12865e-05,4.4695e-05,3.12865e-05,4.4695e-05,3.12865e-05