3.5e-05,4.9e-05,3.5e-05,4.9e-05,3.5e-05,4.9e-05,3.5e-05,4.9e-05,3.5e-05,4.9e-05,3.5e-05,4.9e-05,3.5e-05,4.9e-05,3.5e-05,4.9e-05,3.5e-05,4.9e-05,3.5e-05,4.9e-05
4.9e-05,7e-05,4.9e-05,7e-05,4.9e-05,7e-05,4.9e-05,7e-05,4.9e-05,7e-05,4.9e-05,7e-05,4.9e-05,7e-05,4.9e-05,7e-05,4.9e-05,7e-05,4.9e-05,7e-05
3.5e-05,4.9e-05,3.5e-05,4.9e-05,3.5e-05,4.9e-05,3.5e-05,4.9e-05,3.5e-05,4.9e-05,3.5e-05,4.9e-05,3.5e-05,4.9e-05,3.5e-05,4.9e-05,3.5e-05,4.9e-05,3.5e-05,4.9e-05
4.9e-05,7e-05,4.9e-05,7e-05,4.9e-05,7e-05,4.9e-05,7e-05,4.9e-05,7e-05,4.9e-05,7e-05,4.9e-05,7e-05,4.9e-05,7e-05,4.9e-05,7e-05,4.9e-05,7e-05
3.5e-05,4.9e-05,3.5e-05,4.9e-05,3.5e-05,4.9e-05,3.5e-05,4.9e-05,3.5e-05,4.9e-05,3.5e-05,4.9e-05,3.5e-05,4.9e-05,3.5e-05,4.9e-05,3.5e-05,4.9e-05,3.5e-05,4.9e-05
4.9e-05,7e-05,4.9e-05,7e-05,4.9e-05,7e-05,4.9e-05,7e-05,4.9e-05,7e-05,4.9e-05,7e-05,4.9e-05,7e-05,4.9e-05,7e-05,4.9e-05,7e-05,4.9e-05,7e-05
3.5e-05,4.9e-05,3.5e-05,4.9e-05,3.5e-05,4.9e-05,3.5e-05,4.9e-05,3.5e-05,4.9e-05,3.5e-05,4.9e-05,3.5e-05,4.9e-05,3.5e-05,4.9e-05,3.5e-05,4.9e-05,3.5e-05,4.9e-05
4.9e-05,7e-05,4.9e-05,7e-05,4.9e-05,7e-05,4.9e-05,7e-05,4.9e-05,7e-05,4.9e-05,7e-05,4.9e-05,7e-05,4.9e-05,7e-05,4.9e-05,7e-05,4.9e-05,7e-05
3.5e-05,4.9e-05,3.5e-05,4.9e-05,3.5e-05,4.9e-05,3.5e-05,4.9e-05,0.10046,0.403302,0.527538,0.949568,0.527538,0.403302,0.10046,4.9e-05,3.5e-05,4.9e-05,3.5e-05,4.9e-05
4.9e-05,7e-05,4.9e-05,7e-05,4.9e-05,7e-05,4.9e-05,7e-05,0.403302,0.658692,1.35282,1.39015,1.35282,0.658692,0.403302,7e-05,4.9e-05,7e-05,4.9e-05,7e-05
3.5e-05,4.9e-05,3.5e-05,4.9e-05,3.5e-05,4.9e-05,3.5e-05,4.9e-05,0.505727,1.31635,1.96957,2.91867,1.96957,1.31635,0.505727,4.9e-05,3.5e-05,4.9e-05,3.5e-05,4.9e-05
4.9e-05,7e-05,4.9e-05,7e-05,4.9e-05,7e-05,4.9e-05,7e-05,0.913092,1.34131,2.88219,2.75539,2.88219,1.34131,0.913092,7e-05,4.9e-05,7e-05,4.9e-05,7e-05
3.5e-05,4.9e-05,3.5e-05,4.9e-05,3.5e-05,4.9e-05,3.5e-05,4.9e-05,0.505727,1.31635,1.96957,2.91867,1.96957,1.31635,0.505727,4.9e-05,3.5e-05,4.9e-05,3.5e-05,4.9e-05
4.9e-05,7e-05,4.9e-05,7e-05,4.9e-05,7e-05,4.9e-05,7e-05,0.403302,0.658692,1.35282,1.39015,1.35282,0.658692,0.403302,7e-05,4.9e-05,7e-05,4.9e-05,7e-05
3.5e-05,4.9e-05,3.5e-05,4.9e-05,3.5e-05,4.9e-05,3.5e-05,4.9e-05,0.10046,0.403302,0.527538,0.949568,0.527538,0.403302,0.10046,4.9e-05,3.5e-05,4.9e-05,3.5e-05,4.9e-05
4.9e-05,7e-05,4.9e-05,7e-05,4.9e-05,7e-05,4.9e-05,7e-05,4.9e-05,7e-05,4.9e-05,7e-05,4.9e-05,7e-05,4.9e-05,7e-05,4.9e-05,7e-05,4.9e-05,7e-05
3.5e-05,4.9e-05,3.5e-05,4.9e-05,3.5e-05,4.9e-05,3.5e-05,4.9e-05,3.5e-05,4.9e-05,3.5e-05,4.9e-05,3.5e-05,4.9e-05,3.5e-05,4.9e-05,3.5e-05,4.9e-05,3.5e-05,4.9e-05
4.9e-05,7e-05,4.9e-05,7e-05,4.9e-05,7e-05,4.9e-05,7e-05,4.9e-05,7e-05,4.9e-05,7e-05,4.9e-05,7e-05,4.9e-05,7e-05,4.9e-05,7e-05,4.9e-05,7e-05
3.5e-05,4.9e-05,3.5e-05,4.9e-05,3.5e-05,4.9e-05,3.5e-05,4.9e-05,3.5e-05,4.9e-05,3.5e-05,4.9e-05,3.5e-05,4.9e-05,3.5e-05,4.9e-05,3.5e-05,4.9e-05,3.5e-05,4.9e-05
4.9e-05,7e-05,4.9e-05,7e-05,4.9e-05,7e-05,4.9e-05,7e-05,4.9e-05,7e-05,4.9e-05,7e-05,4.9e-05,7e-05,4.9e-05,7e-05,4.9e-05,7e-05,4.9e-05,7e-05