4.9e-05,3.5e-05,4.9e-05,3.5e-05,4.9e-05,3.5e-05,4.9e-05,3.5e-05,4.9e-05,3.5e-05,4.9e-05,3.5e-05,4.9e-05,3.5e-05,4.9e-05,3.5e-05,4.9e-05,3.5e-05,4.9e-05,3.5e-05
7e-05,4.9e-05,7e-05,4.9e-05,7e-05,4.9e-05,7e-05,4.9e-05,7e-05,4.9e-05,7e-05,4.9e-05,7e-05,4.9e-05,7e-05,4.9e-05,7e-05,4.9e-05,7e-05,4.9e-05
4.9e-05,3.5e-05,4.9e-05,3.5e-05,4.9e-05,3.5e-05,4.9e-05,3.5e-05,4.9e-05,3.5e-05,4.9e-05,3.5e-05,4.9e-05,3.5e-05,4.9e-05,3.5e-05,4.9e-05,3.5e-05,4.9e-05,3.5e-05
7e-05,4.9e-05,7e-05,4.9e-05,7e-05,4.9e-05,7e-05,4.9e-05,7e-05,4.9e-05,7e-05,4.9e-05,7e-05,4.9e-05,7e-05,4.9e-05,7e-05,4.9e-05,7e-05,4.9e-05
4.9e-05,3.5e-05,4.9e-05,3.5e-05,4.9e-05,3.5e-05,4.9e-05,3.5e-05,4.9e-05,3.5e-05,4.9e-05,3.5e-05,4.9e-05,3.5e-05,4.9e-05,3.5e-05,4.9e-05,3.5e-05,4.9e-05,3.5e-05
7e-05,4.9e-05,7e-05,4.9e-05,7e-05,4.9e-05,7e-05,4.9e-05,7e-05,4.9e-05,7e-05,4.9e-05,7e-05,4.9e-05,7e-05,4.9e-05,7e-05,4.9e-05,7e-05,4.9e-05
4.9e-05,3.5e-05,4.9e-05,3.5e-05,4.9e-05,3.5e-05,4.9e-05,3.5e-05,4.9e-05,3.5e-05,4.9e-05,3.5e-05,4.9e-05,3.5e-05,4.9e-05,3.5e-05,4.9e-05,3.5e-05,4.9e-05,3.5e-05
7e-05,4.9e-05,7e-05,4.9e-05,7e-05,4.9e-05,7e-05,4.9e-05,7e-05,4.9e-05,7e-05,4.9e-05,7e-05,4.9e-05,7e-05,4.9e-05,7e-05,4.9e-05,7e-05,4.9e-05
4.9e-05,3.5e-05,4.9e-05,3.5e-05,4.9e-05,3.5e-05,4.9e-05,3.5e-05,4.9e-05,3.5e-05,4.9e-05,3.5e-05,4.9e-05,3.5e-05,4.9e-05,3.5e-05,4.9e-05,3.5e-05,4.9e-05,3.5e-05
7e-05,4.9e-05,7e-05,4.9e-05,7e-05,4.9e-05,0.0116386,4.9e-05,7e-05,4.9e-05,7e-05,4.9e-05,7e-05,4.9e-05,7e-05,4.9e-05,7e-05,4.9e-05,7e-05,4.9e-05
4.9e-05,3.5e-05,4.9e-05,0.0314319,0.287866,0.35126,0.770212,0.35126,0.287866,0.0314319,4.9e-05,3.5e-05,4.9e-05,3.5e-05,4.9e-05,3.5e-05,4.9e-05,3.5e-05,4.9e-05,3.5e-05
7e-05,4.9e-05,7e-05,0.287866,0.504122,1.05803,1.14999,1.05803,0.504122,0.287866,7e-05,4.9e-05,7e-05,4.9e-05,7e-05,4.9e-05,7e-05,4.9e-05,7e-05,4.9e-05
4.9e-05,3.5e-05,4.9e-05,0.282761,0.943478,1.36228,2.27596,1.36228,0.943478,0.282761,4.9e-05,3.5e-05,4.9e-05,3.5e-05,4.9e-05,3.5e-05,4.9e-05,3.5e-05,4.9e-05,3.5e-05
7e-05,4.9e-05,7e-05,0.65566,0.996605,2.16141,2.13496,2.16141,0.996605,0.65566,7e-05,4.9e-05,7e-05,4.9e-05,7e-05,4.9e-05,7e-05,4.9e-05,7e-05,4.9e-05
4.9e-05,3.5e-05,4.9e-05,0.282761,0.943478,1.36228,2.27596,1.36228,0.943478,0.282761,4.9e-05,3.5e-05,4.9e-05,3.5e-05,4.9e-05,3.5e-05,4.9e-05,3.5e-05,4.9e-05,3.5e-05
7e-05,4.9e-05,7e-05,0.287866,0.504122,1.05803,1.14999,1.05803,0.504122,0.287866,7e-05,4.9e-05,7e-05,4.9e-05,7e-05,4.9e-05,7e-05,4.9e-05,7e-05,4.9e-05
4.9e-05,3.5e-05,4.9e-05,0.0314319,0.287866,0.35126,0.770212,0.35126,0.287866,0.0314319,4.9e-05,3.5e-05,4.9e-05,3.5e-05,4.9e-05,3.5e-05,4.9e-05,3.5e-05,4.9e-05,3.5e-05
7e-05,4.9e-05,7e-05,4.9e-05,7e-05,4.9e-05,0.0116386,4.9e-05,7e-05,4.9e-05,7e-05,4.9e-05,7e-05,4.9e-05,7e-05,4.9e-05,7e-05,4.9e-05,7e-05,4.9e-05
4.9e-05,3.5e-05,4.9e-05,3.5e-05,4.9e-05,3.5e-05,4.9e-05,3.5e-05,4.9e-05,3.5e-05,4.9e-05,3.5e-05,4.9e-05,3.5e-05,4.9e-05,3.5e-05,4.9e-05,3.5e-05,4.9e-05,3.5e-05
7e-05,4.9e-05,7e-05,4.9e-05,7e-05,4.9e-05,7e-05,4.9e-05,7e-05,4.9e-05,7e-05,4.9e-05,7e-05,4.9e-05,7e-05,4.9e-05,7e-05,4.9e-05,7e-05,4.9e-05