4.9e-05,3.5e-05,4.9e-05,3.5e-05,4.9e-05,3.5e-05,4.9e-05,3.5e-05,4.9e-05,3.5e-05,4.9e-05,3.5e-05,4.9e-05,3.5e-05,4.9e-05,3.5e-05,4.9e-05,3.5e-05,4.9e-05,3.5e-05
7e-05,4.9e-05,7e-05,4.9e-05,7e-05,4.9e-05,7e-05,4.9e-05,7e-05,4.9e-05,7e-05,4.9e-05,7e-05,4.9e-05,7e-05,4.9e-05,7e-05,4.9e-05,7e-05,4.9e-05
4.9e-05,3.5e-05,4.9e-05,3.5e-05,4.9e-05,3.5e-05,4.9e-05,3.5e-05,4.9e-05,3.5e-05,4.9e-05,3.5e-05,4.9e-05,3.5e-05,4.9e-05,3.5e-05,4.9e-05,3.5e-05,4.9e-05,3.5e-05
7e-05,4.9e-05,7e-05,4.9e-05,7e-05,4.9e-05,7e-05,4.9e-05,7e-05,4.9e-05,7e-05,4.9e-05,7e-05,4.9e-05,7e-05,4.9e-05,7e-05,4.9e-05,7e-05,4.9e-05
4.9e-05,3.5e-05,4.9e-05,3.5e-05,4.9e-05,3.5e-05,4.9e-05,3.5e-05,4.9e-05,3.5e-05,4.9e-05,3.5e-05,4.9e-05,3.5e-05,4.9e-05,3.5e-05,4.9e-05,3.5e-05,4.9e-05,3.5e-05
7e-05,4.9e-05,7e-05,4.9e-05,7e-05,4.9e-05,7e-05,4.9e-05,7e-05,4.9e-05,7e-05,4.9e-05,7e-05,4.9e-05,7e-05,4.9e-05,7e-05,4.9e-05,7e-05,4.9e-05
4.9e-05,3.5e-05,4.9e-05,3.5e-05,4.9e-05,3.5e-05,4.9e-05,3.5e-05,4.9e-05,3.5e-05,4.9e-05,3.5e-05,4.9e-05,3.5e-05,4.9e-05,3.5e-05,4.9e-05,3.5e-05,4.9e-05,3.5e-05
7e-05,4.9e-05,7e-05,4.9e-05,7e-05,4.9e-05,7e-05,4.9e-05,7e-05,4.9e-05,7e-05,4.9e-05,7e-05,4.9e-05,7e-05,4.9e-05,7e-05,4.9e-05,7e-05,4.9e-05
4.9e-05,3.5e-05,4.9e-05,3.5e-05,4.9e-05,0.179696,0.535809,0.359357,0.535809,0.179696,4.9e-05,3.5e-05,4.9e-05,3.5e-05,4.9e-05,3.5e-05,4.9e-05,3.5e-05,4.9e-05,3.5e-05
7e-05,4.9e-05,7e-05,4.9e-05,7e-05,0.535809,0.836122,1.07157,0.836122,0.535809,7e-05,4.9e-05,7e-05,4.9e-05,7e-05,4.9e-05,7e-05,4.9e-05,7e-05,4.9e-05
4.9e-05,3.5e-05,4.9e-05,3.5e-05,4.9e-05,0.993663,2.13232,1.98729,2.13232,0.993663,4.9e-05,3.5e-05,4.9e-05,3.5e-05,4.9e-05,3.5e-05,4.9e-05,3.5e-05,4.9e-05,3.5e-05
7e-05,4.9e-05,7e-05,4.9e-05,0.0144302,1.59656,2.25649,3.19308,2.25649,1.59656,0.0144302,4.9e-05,7e-05,4.9e-05,7e-05,4.9e-05,7e-05,4.9e-05,7e-05,4.9e-05
4.9e-05,3.5e-05,4.9e-05,3.5e-05,4.9e-05,1.62797,3.19308,3.2559,3.19308,1.62797,4.9e-05,3.5e-05,4.9e-05,3.5e-05,4.9e-05,3.5e-05,4.9e-05,3.5e-05,4.9e-05,3.5e-05
7e-05,4.9e-05,7e-05,4.9e-05,0.0144302,1.59656,2.25649,3.19308,2.25649,1.59656,0.0144302,4.9e-05,7e-05,4.9e-05,7e-05,4.9e-05,7e-05,4.9e-05,7e-05,4.9e-05
4.9e-05,3.5e-05,4.9e-05,3.5e-05,4.9e-05,0.993663,2.13232,1.98729,2.13232,0.993663,4.9e-05,3.5e-05,4.9e-05,3.5e-05,4.9e-05,3.5e-05,4.9e-05,3.5e-05,4.9e-05,3.5e-05
7e-05,4.9e-05,7e-05,4.9e-05,7e-05,0.535809,0.836122,1.07157,0.836122,0.535809,7e-05,4.9e-05,7e-05,4.9e-05,7e-05,4.9e-05,7e-05,4.9e-05,7e-05,4.9e-05
4.9e-05,3.5e-05,4.9e-05,3.5e-05,4.9e-05,0.179696,0.535809,0.359357,0.535809,0.179696,4.9e-05,3.5e-05,4.9e-05,3.5e-05,4.9e-05,3.5e-05,4.9e-05,3.5e-05,4.9e-05,3.5e-05
7e-05,4.9e-05,7e-05,4.9e-05,7e-05,4.9e-05,7e-05,4.9e-05,7e-05,4.9e-05,7e-05,4.9e-05,7e-05,4.9e-05,7e-05,4.9e-05,7e-05,4.9e-05,7e-05,4.9e-05
4.9e-05,3.5e-05,4.9e-05,3.5e-05,4.9e-05,3.5e-05,4.9e-05,3.5e-05,4.9e-05,3.5e-05,4.9e-05,3.5e-05,4.9e-05,3.5e-05,4.9e-05,3.5e-05,4.9e-05,3.5e-05,4.9e-05,3.5e-05
7e-05,4.9e-05,7e-05,4.9e-05,7e-05,4.9e-05,7e-05,4.9e-05,7e-05,4.9e-05,7e-05,4.9e-05,7e-05,4.9e-05,7e-05,4.9e-05,7e-05,4.9e-05,7e-05,4.9e-05