9.1e-05,6.1e-05,9.1e-05,6.1e-05,9.1e-05,0.408569,0.716603,0.408569,9.1e-05,6.1e-05
6.1e-05,4.1e-05,6.1e-05,4.1e-05,6.1e-05,1.34097,2.91482,1.34097,6.1e-05,4.1e-05
9.1e-05,6.1e-05,9.1e-05,6.1e-05,9.1e-05,2.50631,3.52552,2.50631,9.1e-05,6.1e-05
6.1e-05,4.1e-05,6.1e-05,4.1e-05,6.1e-05,1.34097,2.91482,1.34097,6.1e-05,4.1e-05
9.1e-05,6.1e-05,9.1e-05,6.1e-05,9.1e-05,0.408569,0.716603,0.408569,9.1e-05,6.1e-05
6.1e-05,4.1e-05,6.1e-05,4.1e-05,6.1e-05,0.043303,0.408569,0.043303,6.1e-05,4.1e-05
9.1e-05,6.1e-05,9.1e-05,6.1e-05,9.1e-05,6.1e-05,9.1e-05,6.1e-05,9.1e-05,6.1e-05
6.1e-05,4.1e-05,6.1e-05,4.1e-05,6.1e-05,4.1e-05,6.1e-05,4.1e-05,6.1e-05,4.1e-05
9.1e-05,6.1e-05,9.1e-05,6.1e-05,9.1e-05,6.1e-05,9.1e-05,6.1e-05,9.1e-05,6.1e-05
6.1e-05,4.1e-05,6.1e-05,4.1e-05,6.1e-05,0.043303,0.408569,0.043303,6.1e-05,4.1e-05