7e-05,4.9e-05,7e-05,4.9e-05,7e-05,4.9e-05,7e-05,4.9e-05,7e-05,4.9e-05,7e-05,4.9e-05,7e-05,4.9e-05,7e-05,4.9e-05,7e-05,4.9e-05,7e-05,4.9e-05
4.9e-05,3.5e-05,4.9e-05,3.5e-05,4.9e-05,3.5e-05,4.9e-05,3.5e-05,4.9e-05,3.5e-05,4.9e-05,3.5e-05,4.9e-05,3.5e-05,4.9e-05,3.5e-05,4.9e-05,3.5e-05,4.9e-05,3.5e-05
7e-05,4.9e-05,7e-05,4.9e-05,7e-05,4.9e-05,7e-05,4.9e-05,7e-05,4.9e-05,7e-05,4.9e-05,7e-05,4.9e-05,7e-05,4.9e-05,7e-05,4.9e-05,7e-05,4.9e-05
4.9e-05,3.5e-05,4.9e-05,3.5e-05,4.9e-05,3.5e-05,4.9e-05,3.5e-05,4.9e-05,3.5e-05,4.9e-05,3.5e-05,4.9e-05,3.5e-05,4.9e-05,3.5e-05,4.9e-05,3.5e-05,4.9e-05,3.5e-05
7e-05,4.9e-05,7e-05,4.9e-05,7e-05,4.9e-05,7e-05,4.9e-05,7e-05,4.9e-05,7e-05,4.9e-05,7e-05,4.9e-05,7e-05,4.9e-05,7e-05,4.9e-05,7e-05,4.9e-05
4.9e-05,3.5e-05,4.9e-05,3.5e-05,4.9e-05,3.5e-05,4.9e-05,3.5e-05,4.9e-05,3.5e-05,4.9e-05,3.5e-05,4.9e-05,3.5e-05,4.9e-05,3.5e-05,4.9e-05,3.5e-05,4.9e-05,3.5e-05
7e-05,4.9e-05,7e-05,4.9e-05,7e-05,4.9e-05,7e-05,4.9e-05,7e-05,4.9e-05,7e-05,4.9e-05,7e-05,4.9e-05,7e-05,4.9e-05,7e-05,4.9e-05,7e-05,4.9e-05
4.9e-05,3.5e-05,4.9e-05,3.5e-05,4.9e-05,3.5e-05,4.9e-05,3.5e-05,4.9e-05,3.5e-05,4.9e-05,3.5e-05,4.9e-05,3.5e-05,4.9e-05,3.5e-05,4.9e-05,3.5e-05,4.9e-05,3.5e-05
7e-05,4.9e-05,7e-05,4.9e-05,7e-05,4.9e-05,7e-05,4.9e-05,7e-05,4.9e-05,7e-05,4.9e-05,7e-05,4.9e-05,7e-05,4.9e-05,7e-05,4.9e-05,7e-05,4.9e-05
4.9e-05,3.5e-05,4.9e-05,3.5e-05,4.9e-05,0.127573,0.448644,0.255112,0.448644,0.127573,4.9e-05,3.5e-05,4.9e-05,3.5e-05,4.9e-05,3.5e-05,4.9e-05,3.5e-05,4.9e-05,3.5e-05
7e-05,4.9e-05,7e-05,4.9e-05,7e-05,0.448644,0.719406,0.897239,0.719406,0.448644,7e-05,4.9e-05,7e-05,4.9e-05,7e-05,4.9e-05,7e-05,4.9e-05,7e-05,4.9e-05
4.9e-05,3.5e-05,4.9e-05,3.5e-05,4.9e-05,0.856103,1.90228,1.71217,1.90228,0.856103,4.9e-05,3.5e-05,4.9e-05,3.5e-05,4.9e-05,3.5e-05,4.9e-05,3.5e-05,4.9e-05,3.5e-05
7e-05,4.9e-05,7e-05,4.9e-05,7e-05,1.45369,2.06518,2.90732,2.06518,1.45369,7e-05,4.9e-05,7e-05,4.9e-05,7e-05,4.9e-05,7e-05,4.9e-05,7e-05,4.9e-05
4.9e-05,3.5e-05,4.9e-05,3.5e-05,4.9e-05,1.45709,2.90732,2.91415,2.90732,1.45709,4.9e-05,3.5e-05,4.9e-05,3.5e-05,4.9e-05,3.5e-05,4.9e-05,3.5e-05,4.9e-05,3.5e-05
7e-05,4.9e-05,7e-05,4.9e-05,7e-05,1.45369,2.06518,2.90732,2.06518,1.45369,7e-05,4.9e-05,7e-05,4.9e-05,7e-05,4.9e-05,7e-05,4.9e-05,7e-05,4.9e-05
4.9e-05,3.5e-05,4.9e-05,3.5e-05,4.9e-05,0.856103,1.90228,1.71217,1.90228,0.856103,4.9e-05,3.5e-05,4.9e-05,3.5e-05,4.9e-05,3.5e-05,4.9e-05,3.5e-05,4.9e-05,3.5e-05
7e-05,4.9e-05,7e-05,4.9e-05,7e-05,0.448644,0.719406,0.897239,0.719406,0.448644,7e-05,4.9e-05,7e-05,4.9e-05,7e-05,4.9e-05,7e-05,4.9e-05,7e-05,4.9e-05
4.9e-05,3.5e-05,4.9e-05,3.5e-05,4.9e-05,0.127573,0.448644,0.255112,0.448644,0.127573,4.9e-05,3.5e-05,4.9e-05,3.5e-05,4.9e-05,3.5e-05,4.9e-05,3.5e-05,4.9e-05,3.5e-05
7e-05,4.9e-05,7e-05,4.9e-05,7e-05,4.9e-05,7e-05,4.9e-05,7e-05,4.9e-05,7e-05,4.9e-05,7e-05,4.9e-05,7e-05,4.9e-05,7e-05,4.9e-05,7e-05,4.9e-05
4.9e-05,3.5e-05,4.9e-05,3.5e-05,4.9e-05,3.5e-05,4.9e-05,3.5e-05,4.9e-05,3.5e-05,4.9e-05,3.5e-05,4.9e-05,3.5e-05,4.9e-05,3.5e-05,4.9e-05,3.5e-05,4.9e-05,3.5e-05